3,1000,1000
NI, 0.0, 1, 0, 0, 0, 6, 1, 1
NI, 0.0, 2, 100, 0, 0, 6, 2, 1
NI, 0.0, 3, 200, 0, 0, 6, 3, 1
RW, 1, 1, 120, -1 , RREQ , seq:0
NI, 1.0, 1, 0, 0, 0, 100, 1, 1
NI, 1.0, 2, 100, 0, 0, 100, 2, 1
NI, 1.0, 3, 200, 0, 0, 100, 3, 1
RW, 1.0663, 2, 120, -1 , RREQ , seq:0
RW, 1.0706, 3, 120, -1 , RREQ , seq:0
NI, 2.0, 1, 0, 0, 0, 100, 1, 1
NI, 2.0, 2, 100, 0, 0, 100, 2, 1
NI, 2.0, 3, 200, 0, 0, 100, 3, 1
NI, 3.0, 1, 0, 0, 0, 100, 1, 1
NI, 3.0, 2, 100, 0, 0, 100, 2, 1
NI, 3.0, 3, 200, 0, 0, 100, 3, 1
NI, 4.0, 1, 0, 0, 0, 100, 1, 1
NI, 4.0, 2, 100, 0, 0, 100, 2, 1
NI, 4.0, 3, 200, 0, 0, 100, 3, 1
NI, 5.0, 1, 0, 0, 0, 100, 1, 1
NI, 5.0, 2, 100, 0, 0, 100, 2, 1
NI, 5.0, 3, 200, 0, 0, 100, 3, 1
NI, 6.0, 1, 0, 0, 0, 100, 1, 1
NI, 6.0, 2, 100, 0, 0, 100, 2, 1
NI, 6.0, 3, 200, 0, 0, 100, 3, 1
NI, 7.0, 1, 0, 0, 0, 100, 1, 1
NI, 7.0, 2, 100, 0, 0, 100, 2, 1
NI, 7.0, 3, 200, 0, 0, 100, 3, 1
NI, 8.0, 1, 0, 0, 0, 100, 1, 1
NI, 8.0, 2, 100, 0, 0, 100, 2, 1
NI, 8.0, 3, 200, 0, 0, 100, 3, 1
NI, 9.0, 1, 0, 0, 0, 100, 1, 1
NI, 9.0, 2, 100, 0, 0, 100, 2, 1
NI, 9.0, 3, 200, 0, 0, 100, 3, 1
NI, 10.0, 1, 35.619, 218.952, 0, 100, 1, 1
NI, 10.0, 2, 52.8571, 506.524, 0, 100, 2, 1
NI, 10.0, 3, 99.4286, 305.381, 0, 100, 3, 1
NI, 11.0, 1, 38.8571, 238.857, 0, 100, 1, 1
NI, 11.0, 2, 48.5714, 552.571, 0, 100, 2, 1
NI, 11.0, 3, 90.2857, 333.143, 0, 100, 3, 1
NI, 12.0, 1, 42.0952, 258.762, 0, 100, 1, 1
NI, 12.0, 2, 44.2857, 598.619, 0, 100, 2, 1
NI, 12.0, 3, 81.1429, 360.905, 0, 100, 3, 1
NI, 13.0, 1, 45.3333, 278.667, 0, 100, 1, 1
NI, 13.0, 2, 40, 644.667, 0, 100, 2, 1
NI, 13.0, 3, 72, 388.667, 0, 100, 3, 1
NI, 14.0, 1, 48.5714, 298.571, 0, 100, 1, 1
NI, 14.0, 2, 35.7143, 690.714, 0, 100, 2, 1
NI, 14.0, 3, 62.8571, 416.429, 0, 100, 3, 1
NI, 15.0, 1, 51.8095, 318.476, 0, 100, 1, 1
NI, 15.0, 2, 31.4286, 736.762, 0, 100, 2, 1
NI, 15.0, 3, 53.7143, 444.19, 0, 100, 3, 1
NI, 16.0, 1, 55.0476, 338.381, 0, 100, 1, 1
NI, 16.0, 2, 27.1429, 782.81, 0, 100, 2, 1
NI, 16.0, 3, 44.5714, 471.952, 0, 100, 3, 1
NI, 17.0, 1, 58.2857, 358.286, 0, 100, 1, 1
NI, 17.0, 2, 22.8571, 828.857, 0, 100, 2, 1
NI, 17.0, 3, 35.4286, 499.714, 0, 100, 3, 1
NI, 18.0, 1, 61.5238, 378.19, 0, 100, 1, 1
NI, 18.0, 2, 18.5714, 874.905, 0, 100, 2, 1
NI, 18.0, 3, 26.2857, 527.476, 0, 100, 3, 1
NI, 19.0, 1, 64.7619, 398.095, 0, 100, 1, 1
NI, 19.0, 2, 14.2857, 920.952, 0, 100, 2, 1
NI, 19.0, 3, 17.1429, 555.238, 0, 100, 3, 1
NI, 20.0, 1, 68, 418, 0, 100, 1, 1
NI, 20.0, 2, 10, 967, 0, 100, 2, 1
NI, 20.0, 3, 8, 583, 0, 100, 3, 1
NI, 21.0, 1, 157.4, 455.2, 0, 100, 1, 1
NI, 21.0, 2, 46, 873.5, 0, 100, 2, 1
NI, 21.0, 3, 12.5, 586.9, 0, 100, 3, 1
NI, 22.0, 1, 246.8, 492.4, 0, 100, 1, 1
NI, 22.0, 2, 82, 780, 0, 100, 2, 1
NI, 22.0, 3, 17, 590.8, 0, 100, 3, 1
NI, 23.0, 1, 336.2, 529.6, 0, 100, 1, 1
NI, 23.0, 2, 118, 686.5, 0, 100, 2, 1
NI, 23.0, 3, 21.5, 594.7, 0, 100, 3, 1
NI, 24.0, 1, 425.6, 566.8, 0, 100, 1, 1
NI, 24.0, 2, 154, 593, 0, 100, 2, 1
NI, 24.0, 3, 26, 598.6, 0, 100, 3, 1
NI, 25.0, 1, 515, 604, 0, 100, 1, 1
NI, 25.0, 2, 190, 499.5, 0, 100, 2, 1
NI, 25.0, 3, 30.5, 602.5, 0, 100, 3, 1
NI, 26.0, 1, 604.4, 641.2, 0, 100, 1, 1
NI, 26.0, 2, 226, 406, 0, 100, 2, 1
NI, 26.0, 3, 35, 606.4, 0, 100, 3, 1
NI, 27.0, 1, 693.8, 678.4, 0, 100, 1, 1
NI, 27.0, 2, 262, 312.5, 0, 100, 2, 1
NI, 27.0, 3, 39.5, 610.3, 0, 100, 3, 1
NI, 28.0, 1, 783.2, 715.6, 0, 100, 1, 1
NI, 28.0, 2, 298, 219, 0, 100, 2, 1
NI, 28.0, 3, 44, 614.2, 0, 100, 3, 1
NI, 29.0, 1, 872.6, 752.8, 0, 100, 1, 1
NI, 29.0, 2, 334, 125.5, 0, 100, 2, 1
NI, 29.0, 3, 48.5, 618.1, 0, 100, 3, 1
NI, 30.0, 1, 962, 790, 0, 100, 1, 1
NI, 30.0, 2, 370, 32, 0, 100, 2, 1
NI, 30.0, 3, 53, 622, 0, 100, 3, 1
NI, 31.0, 1, 884.7, 723.7, 0, 100, 1, 1
NI, 31.0, 2, 415.6, 120.9, 0, 100, 2, 1
NI, 31.0, 3, 98.5, 630.7, 0, 100, 3, 1
NI, 32.0, 1, 807.4, 657.4, 0, 100, 1, 1
NI, 32.0, 2, 461.2, 209.8, 0, 100, 2, 1
NI, 32.0, 3, 144, 639.4, 0, 100, 3, 1
NI, 33.0, 1, 730.1, 591.1, 0, 100, 1, 1
NI, 33.0, 2, 506.8, 298.7, 0, 100, 2, 1
NI, 33.0, 3, 189.5, 648.1, 0, 100, 3, 1
NI, 34.0, 1, 652.8, 524.8, 0, 100, 1, 1
NI, 34.0, 2, 552.4, 387.6, 0, 100, 2, 1
NI, 34.0, 3, 235, 656.8, 0, 100, 3, 1
NI, 35.0, 1, 575.5, 458.5, 0, 100, 1, 1
NI, 35.0, 2, 598, 476.5, 0, 100, 2, 1
NI, 35.0, 3, 280.5, 665.5, 0, 100, 3, 1
NI, 36.0, 1, 498.2, 392.2, 0, 100, 1, 1
NI, 36.0, 2, 643.6, 565.4, 0, 100, 2, 1
NI, 36.0, 3, 326, 674.2, 0, 100, 3, 1
NI, 37.0, 1, 420.9, 325.9, 0, 100, 1, 1
NI, 37.0, 2, 689.2, 654.3, 0, 100, 2, 1
NI, 37.0, 3, 371.5, 682.9, 0, 100, 3, 1
NI, 38.0, 1, 343.6, 259.6, 0, 100, 1, 1
NI, 38.0, 2, 734.8, 743.2, 0, 100, 2, 1
NI, 38.0, 3, 417, 691.6, 0, 100, 3, 1
NI, 39.0, 1, 266.3, 193.3, 0, 100, 1, 1
NI, 39.0, 2, 780.4, 832.1, 0, 100, 2, 1
NI, 39.0, 3, 462.5, 700.3, 0, 100, 3, 1
NI, 40.0, 1, 189, 127, 0, 100, 1, 1
NI, 40.0, 2, 826, 921, 0, 100, 2, 1
NI, 40.0, 3, 508, 709, 0, 100, 3, 1
NI, 41.0, 1, 189.3, 193.9, 0, 100, 1, 1
NI, 41.0, 2, 745, 844.7, 0, 100, 2, 1
NI, 41.0, 3, 486.4, 729, 0, 100, 3, 1
NI, 42.0, 1, 189.6, 260.8, 0, 100, 1, 1
NI, 42.0, 2, 664, 768.4, 0, 100, 2, 1
NI, 42.0, 3, 464.8, 749, 0, 100, 3, 1
NI, 43.0, 1, 189.9, 327.7, 0, 100, 1, 1
NI, 43.0, 2, 583, 692.1, 0, 100, 2, 1
NI, 43.0, 3, 443.2, 769, 0, 100, 3, 1
NI, 44.0, 1, 190.2, 394.6, 0, 100, 1, 1
NI, 44.0, 2, 502, 615.8, 0, 100, 2, 1
NI, 44.0, 3, 421.6, 789, 0, 100, 3, 1
NI, 45.0, 1, 190.5, 461.5, 0, 100, 1, 1
NI, 45.0, 2, 421, 539.5, 0, 100, 2, 1
NI, 45.0, 3, 400, 809, 0, 100, 3, 1
NI, 46.0, 1, 190.8, 528.4, 0, 100, 1, 1
NI, 46.0, 2, 340, 463.2, 0, 100, 2, 1
NI, 46.0, 3, 378.4, 829, 0, 100, 3, 1
NI, 47.0, 1, 191.1, 595.3, 0, 100, 1, 1
NI, 47.0, 2, 259, 386.9, 0, 100, 2, 1
NI, 47.0, 3, 356.8, 849, 0, 100, 3, 1
NI, 48.0, 1, 191.4, 662.2, 0, 100, 1, 1
NI, 48.0, 2, 178, 310.6, 0, 100, 2, 1
NI, 48.0, 3, 335.2, 869, 0, 100, 3, 1
NI, 49.0, 1, 191.7, 729.1, 0, 100, 1, 1
NI, 49.0, 2, 97, 234.3, 0, 100, 2, 1
NI, 49.0, 3, 313.6, 889, 0, 100, 3, 1
NI, 50.0, 1, 192, 796, 0, 100, 1, 1
NI, 50.0, 2, 16, 158, 0, 100, 2, 1
NI, 50.0, 3, 292, 909, 0, 100, 3, 1
NI, 51.0, 1, 173.5, 783.9, 0, 100, 1, 1
NI, 51.0, 2, 78.9, 231.1, 0, 100, 2, 1
NI, 51.0, 3, 312.3, 835.2, 0, 100, 3, 1
NI, 52.0, 1, 155, 771.8, 0, 100, 1, 1
NI, 52.0, 2, 141.8, 304.2, 0, 100, 2, 1
NI, 52.0, 3, 332.6, 761.4, 0, 100, 3, 1
NI, 53.0, 1, 136.5, 759.7, 0, 100, 1, 1
NI, 53.0, 2, 204.7, 377.3, 0, 100, 2, 1
NI, 53.0, 3, 352.9, 687.6, 0, 100, 3, 1
NI, 54.0, 1, 118, 747.6, 0, 100, 1, 1
NI, 54.0, 2, 267.6, 450.4, 0, 100, 2, 1
NI, 54.0, 3, 373.2, 613.8, 0, 100, 3, 1
NI, 55.0, 1, 99.5, 735.5, 0, 100, 1, 1
NI, 55.0, 2, 330.5, 523.5, 0, 100, 2, 1
NI, 55.0, 3, 393.5, 540, 0, 100, 3, 1
NI, 56.0, 1, 81, 723.4, 0, 100, 1, 1
NI, 56.0, 2, 393.4, 596.6, 0, 100, 2, 1
NI, 56.0, 3, 413.8, 466.2, 0, 100, 3, 1
NI, 57.0, 1, 62.5, 711.3, 0, 100, 1, 1
NI, 57.0, 2, 456.3, 669.7, 0, 100, 2, 1
NI, 57.0, 3, 434.1, 392.4, 0, 100, 3, 1
NI, 58.0, 1, 44, 699.2, 0, 100, 1, 1
NI, 58.0, 2, 519.2, 742.8, 0, 100, 2, 1
NI, 58.0, 3, 454.4, 318.6, 0, 100, 3, 1
NI, 59.0, 1, 25.5, 687.1, 0, 100, 1, 1
NI, 59.0, 2, 582.1, 815.9, 0, 100, 2, 1
NI, 59.0, 3, 474.7, 244.8, 0, 100, 3, 1
NI, 60.0, 1, 7, 675, 0, 100, 1, 1
NI, 60.0, 2, 645, 889, 0, 100, 2, 1
NI, 60.0, 3, 495, 171, 0, 100, 3, 1
NI, 61.0, 1, 100, 667.1, 0, 100, 1, 1
NI, 61.0, 2, 632.8, 877.7, 0, 100, 2, 1
NI, 61.0, 3, 459.8, 214.9, 0, 100, 3, 1
NI, 62.0, 1, 193, 659.2, 0, 100, 1, 1
NI, 62.0, 2, 620.6, 866.4, 0, 100, 2, 1
NI, 62.0, 3, 424.6, 258.8, 0, 100, 3, 1
NI, 63.0, 1, 286, 651.3, 0, 100, 1, 1
NI, 63.0, 2, 608.4, 855.1, 0, 100, 2, 1
NI, 63.0, 3, 389.4, 302.7, 0, 100, 3, 1
NI, 64.0, 1, 379, 643.4, 0, 100, 1, 1
NI, 64.0, 2, 596.2, 843.8, 0, 100, 2, 1
NI, 64.0, 3, 354.2, 346.6, 0, 100, 3, 1
NI, 65.0, 1, 472, 635.5, 0, 100, 1, 1
NI, 65.0, 2, 584, 832.5, 0, 100, 2, 1
NI, 65.0, 3, 319, 390.5, 0, 100, 3, 1
NI, 66.0, 1, 565, 627.6, 0, 100, 1, 1
NI, 66.0, 2, 571.8, 821.2, 0, 100, 2, 1
NI, 66.0, 3, 283.8, 434.4, 0, 100, 3, 1
NI, 67.0, 1, 658, 619.7, 0, 100, 1, 1
NI, 67.0, 2, 559.6, 809.9, 0, 100, 2, 1
NI, 67.0, 3, 248.6, 478.3, 0, 100, 3, 1
NI, 68.0, 1, 751, 611.8, 0, 100, 1, 1
NI, 68.0, 2, 547.4, 798.6, 0, 100, 2, 1
NI, 68.0, 3, 213.4, 522.2, 0, 100, 3, 1
NI, 69.0, 1, 844, 603.9, 0, 100, 1, 1
NI, 69.0, 2, 535.2, 787.3, 0, 100, 2, 1
NI, 69.0, 3, 178.2, 566.1, 0, 100, 3, 1
NI, 70.0, 1, 937, 596, 0, 100, 1, 1
NI, 70.0, 2, 523, 776, 0, 100, 2, 1
NI, 70.0, 3, 143, 610, 0, 100, 3, 1
NI, 71.0, 1, 922.4, 630.4, 0, 100, 1, 1
NI, 71.0, 2, 526.7, 744.2, 0, 100, 2, 1
NI, 71.0, 3, 206.7, 613, 0, 100, 3, 1
NI, 72.0, 1, 907.8, 664.8, 0, 100, 1, 1
NI, 72.0, 2, 530.4, 712.4, 0, 100, 2, 1
NI, 72.0, 3, 270.4, 616, 0, 100, 3, 1
NI, 73.0, 1, 893.2, 699.2, 0, 100, 1, 1
NI, 73.0, 2, 534.1, 680.6, 0, 100, 2, 1
NI, 73.0, 3, 334.1, 619, 0, 100, 3, 1
NI, 74.0, 1, 878.6, 733.6, 0, 100, 1, 1
NI, 74.0, 2, 537.8, 648.8, 0, 100, 2, 1
NI, 74.0, 3, 397.8, 622, 0, 100, 3, 1
NI, 75.0, 1, 864, 768, 0, 100, 1, 1
NI, 75.0, 2, 541.5, 617, 0, 100, 2, 1
NI, 75.0, 3, 461.5, 625, 0, 100, 3, 1
NI, 76.0, 1, 849.4, 802.4, 0, 100, 1, 1
NI, 76.0, 2, 545.2, 585.2, 0, 100, 2, 1
NI, 76.0, 3, 525.2, 628, 0, 100, 3, 1
NI, 77.0, 1, 834.8, 836.8, 0, 100, 1, 1
NI, 77.0, 2, 548.9, 553.4, 0, 100, 2, 1
NI, 77.0, 3, 588.9, 631, 0, 100, 3, 1
NI, 78.0, 1, 820.2, 871.2, 0, 100, 1, 1
NI, 78.0, 2, 552.6, 521.6, 0, 100, 2, 1
NI, 78.0, 3, 652.6, 634, 0, 100, 3, 1
NI, 79.0, 1, 805.6, 905.6, 0, 100, 1, 1
NI, 79.0, 2, 556.3, 489.8, 0, 100, 2, 1
NI, 79.0, 3, 716.3, 637, 0, 100, 3, 1
NI, 80.0, 1, 791, 940, 0, 100, 1, 1
NI, 80.0, 2, 560, 458, 0, 100, 2, 1
NI, 80.0, 3, 780, 640, 0, 100, 3, 1
NI, 81.0, 1, 757.7, 940.3, 0, 100, 1, 1
NI, 81.0, 2, 581.5, 458.6, 0, 100, 2, 1
NI, 81.0, 3, 746.7, 604.8, 0, 100, 3, 1
NI, 82.0, 1, 724.4, 940.6, 0, 100, 1, 1
NI, 82.0, 2, 603, 459.2, 0, 100, 2, 1
NI, 82.0, 3, 713.4, 569.6, 0, 100, 3, 1
NI, 83.0, 1, 691.1, 940.9, 0, 100, 1, 1
NI, 83.0, 2, 624.5, 459.8, 0, 100, 2, 1
NI, 83.0, 3, 680.1, 534.4, 0, 100, 3, 1
NI, 84.0, 1, 657.8, 941.2, 0, 100, 1, 1
NI, 84.0, 2, 646, 460.4, 0, 100, 2, 1
NI, 84.0, 3, 646.8, 499.2, 0, 100, 3, 1
NI, 85.0, 1, 624.5, 941.5, 0, 100, 1, 1
NI, 85.0, 2, 667.5, 461, 0, 100, 2, 1
NI, 85.0, 3, 613.5, 464, 0, 100, 3, 1
NI, 86.0, 1, 591.2, 941.8, 0, 100, 1, 1
NI, 86.0, 2, 689, 461.6, 0, 100, 2, 1
NI, 86.0, 3, 580.2, 428.8, 0, 100, 3, 1
NI, 87.0, 1, 557.9, 942.1, 0, 100, 1, 1
NI, 87.0, 2, 710.5, 462.2, 0, 100, 2, 1
NI, 87.0, 3, 546.9, 393.6, 0, 100, 3, 1
NI, 88.0, 1, 524.6, 942.4, 0, 100, 1, 1
NI, 88.0, 2, 732, 462.8, 0, 100, 2, 1
NI, 88.0, 3, 513.6, 358.4, 0, 100, 3, 1
NI, 89.0, 1, 491.3, 942.7, 0, 100, 1, 1
NI, 89.0, 2, 753.5, 463.4, 0, 100, 2, 1
NI, 89.0, 3, 480.3, 323.2, 0, 100, 3, 1
NI, 90.0, 1, 458, 943, 0, 100, 1, 1
NI, 90.0, 2, 775, 464, 0, 100, 2, 1
NI, 90.0, 3, 447, 288, 0, 100, 3, 1
NI, 91.0, 1, 467.5, 941.2, 0, 100, 1, 1
NI, 91.0, 2, 745.5, 429.7, 0, 100, 2, 1
NI, 91.0, 3, 450.1, 322.3, 0, 100, 3, 1
NI, 92.0, 1, 477, 939.4, 0, 100, 1, 1
NI, 92.0, 2, 716, 395.4, 0, 100, 2, 1
NI, 92.0, 3, 453.2, 356.6, 0, 100, 3, 1
NI, 93.0, 1, 486.5, 937.6, 0, 100, 1, 1
NI, 93.0, 2, 686.5, 361.1, 0, 100, 2, 1
NI, 93.0, 3, 456.3, 390.9, 0, 100, 3, 1
NI, 94.0, 1, 496, 935.8, 0, 100, 1, 1
NI, 94.0, 2, 657, 326.8, 0, 100, 2, 1
NI, 94.0, 3, 459.4, 425.2, 0, 100, 3, 1
NI, 95.0, 1, 505.5, 934, 0, 100, 1, 1
NI, 95.0, 2, 627.5, 292.5, 0, 100, 2, 1
NI, 95.0, 3, 462.5, 459.5, 0, 100, 3, 1
NI, 96.0, 1, 515, 932.2, 0, 100, 1, 1
NI, 96.0, 2, 598, 258.2, 0, 100, 2, 1
NI, 96.0, 3, 465.6, 493.8, 0, 100, 3, 1
NI, 97.0, 1, 524.5, 930.4, 0, 100, 1, 1
NI, 97.0, 2, 568.5, 223.9, 0, 100, 2, 1
NI, 97.0, 3, 468.7, 528.1, 0, 100, 3, 1
NI, 98.0, 1, 534, 928.6, 0, 100, 1, 1
NI, 98.0, 2, 539, 189.6, 0, 100, 2, 1
NI, 98.0, 3, 471.8, 562.4, 0, 100, 3, 1
NI, 99.0, 1, 543.5, 926.8, 0, 100, 1, 1
NI, 99.0, 2, 509.5, 155.3, 0, 100, 2, 1
NI, 99.0, 3, 474.9, 596.7, 0, 100, 3, 1
NI, 100.0, 1, 553, 925, 0, 100, 1, 1
NI, 100.0, 2, 480, 121, 0, 100, 2, 1
NI, 100.0, 3, 478, 631, 0, 100, 3, 1
NI, 101.0, 1, 554.9, 931.3, 0, 100, 1, 1
NI, 101.0, 2, 523.7, 196, 0, 100, 2, 1
NI, 101.0, 3, 478.9, 576.6, 0, 100, 3, 1
NI, 102.0, 1, 556.8, 937.6, 0, 100, 1, 1
NI, 102.0, 2, 567.4, 271, 0, 100, 2, 1
NI, 102.0, 3, 479.8, 522.2, 0, 100, 3, 1
NI, 103.0, 1, 558.7, 943.9, 0, 100, 1, 1
NI, 103.0, 2, 611.1, 346, 0, 100, 2, 1
NI, 103.0, 3, 480.7, 467.8, 0, 100, 3, 1
NI, 104.0, 1, 560.6, 950.2, 0, 100, 1, 1
NI, 104.0, 2, 654.8, 421, 0, 100, 2, 1
NI, 104.0, 3, 481.6, 413.4, 0, 100, 3, 1
NI, 105.0, 1, 562.5, 956.5, 0, 100, 1, 1
NI, 105.0, 2, 698.5, 496, 0, 100, 2, 1
NI, 105.0, 3, 482.5, 359, 0, 100, 3, 1
NI, 106.0, 1, 564.4, 962.8, 0, 100, 1, 1
NI, 106.0, 2, 742.2, 571, 0, 100, 2, 1
NI, 106.0, 3, 483.4, 304.6, 0, 100, 3, 1
NI, 107.0, 1, 566.3, 969.1, 0, 100, 1, 1
NI, 107.0, 2, 785.9, 646, 0, 100, 2, 1
NI, 107.0, 3, 484.3, 250.2, 0, 100, 3, 1
NI, 108.0, 1, 568.2, 975.4, 0, 100, 1, 1
NI, 108.0, 2, 829.6, 721, 0, 100, 2, 1
NI, 108.0, 3, 485.2, 195.8, 0, 100, 3, 1
NI, 109.0, 1, 570.1, 981.7, 0, 100, 1, 1
NI, 109.0, 2, 873.3, 796, 0, 100, 2, 1
NI, 109.0, 3, 486.1, 141.4, 0, 100, 3, 1
NI, 110.0, 1, 572, 988, 0, 100, 1, 1
NI, 110.0, 2, 917, 871, 0, 100, 2, 1
NI, 110.0, 3, 487, 87, 0, 100, 3, 1
NI, 111.0, 1, 559, 933.4, 0, 100, 1, 1
NI, 111.0, 2, 914.5, 853.5, 0, 100, 2, 1
NI, 111.0, 3, 526.2, 79.6, 0, 100, 3, 1
NI, 112.0, 1, 546, 878.8, 0, 100, 1, 1
NI, 112.0, 2, 912, 836, 0, 100, 2, 1
NI, 112.0, 3, 565.4, 72.2, 0, 100, 3, 1
NI, 113.0, 1, 533, 824.2, 0, 100, 1, 1
NI, 113.0, 2, 909.5, 818.5, 0, 100, 2, 1
NI, 113.0, 3, 604.6, 64.8, 0, 100, 3, 1
NI, 114.0, 1, 520, 769.6, 0, 100, 1, 1
NI, 114.0, 2, 907, 801, 0, 100, 2, 1
NI, 114.0, 3, 643.8, 57.4, 0, 100, 3, 1
NI, 115.0, 1, 507, 715, 0, 100, 1, 1
NI, 115.0, 2, 904.5, 783.5, 0, 100, 2, 1
NI, 115.0, 3, 683, 50, 0, 100, 3, 1
NI, 116.0, 1, 494, 660.4, 0, 100, 1, 1
NI, 116.0, 2, 902, 766, 0, 100, 2, 1
NI, 116.0, 3, 722.2, 42.6, 0, 100, 3, 1
NI, 117.0, 1, 481, 605.8, 0, 100, 1, 1
NI, 117.0, 2, 899.5, 748.5, 0, 100, 2, 1
NI, 117.0, 3, 761.4, 35.2, 0, 100, 3, 1
NI, 118.0, 1, 468, 551.2, 0, 100, 1, 1
NI, 118.0, 2, 897, 731, 0, 100, 2, 1
NI, 118.0, 3, 800.6, 27.8, 0, 100, 3, 1
NI, 119.0, 1, 455, 496.6, 0, 100, 1, 1
NI, 119.0, 2, 894.5, 713.5, 0, 100, 2, 1
NI, 119.0, 3, 839.8, 20.4, 0, 100, 3, 1
NI, 120.0, 1, 442, 442, 0, 100, 1, 1
NI, 120.0, 2, 892, 696, 0, 100, 2, 1
NI, 120.0, 3, 879, 13, 0, 100, 3, 1
NI, 121.0, 1, 470.9, 445.2, 0, 100, 1, 1
NI, 121.0, 2, 860, 661.4, 0, 100, 2, 1
NI, 121.0, 3, 840.9, 96.8, 0, 100, 3, 1
NI, 122.0, 1, 499.8, 448.4, 0, 100, 1, 1
NI, 122.0, 2, 828, 626.8, 0, 100, 2, 1
NI, 122.0, 3, 802.8, 180.6, 0, 100, 3, 1
NI, 123.0, 1, 528.7, 451.6, 0, 100, 1, 1
NI, 123.0, 2, 796, 592.2, 0, 100, 2, 1
NI, 123.0, 3, 764.7, 264.4, 0, 100, 3, 1
NI, 124.0, 1, 557.6, 454.8, 0, 100, 1, 1
NI, 124.0, 2, 764, 557.6, 0, 100, 2, 1
NI, 124.0, 3, 726.6, 348.2, 0, 100, 3, 1
NI, 125.0, 1, 586.5, 458, 0, 100, 1, 1
NI, 125.0, 2, 732, 523, 0, 100, 2, 1
NI, 125.0, 3, 688.5, 432, 0, 100, 3, 1
NI, 126.0, 1, 615.4, 461.2, 0, 100, 1, 1
NI, 126.0, 2, 700, 488.4, 0, 100, 2, 1
NI, 126.0, 3, 650.4, 515.8, 0, 100, 3, 1
NI, 127.0, 1, 644.3, 464.4, 0, 100, 1, 1
NI, 127.0, 2, 668, 453.8, 0, 100, 2, 1
NI, 127.0, 3, 612.3, 599.6, 0, 100, 3, 1
NI, 128.0, 1, 673.2, 467.6, 0, 100, 1, 1
NI, 128.0, 2, 636, 419.2, 0, 100, 2, 1
NI, 128.0, 3, 574.2, 683.4, 0, 100, 3, 1
NI, 129.0, 1, 702.1, 470.8, 0, 100, 1, 1
NI, 129.0, 2, 604, 384.6, 0, 100, 2, 1
NI, 129.0, 3, 536.1, 767.2, 0, 100, 3, 1
NI, 130.0, 1, 731, 474, 0, 100, 1, 1
NI, 130.0, 2, 572, 350, 0, 100, 2, 1
NI, 130.0, 3, 498, 851, 0, 100, 3, 1
NI, 131.0, 1, 715.5, 519.8, 0, 100, 1, 1
NI, 131.0, 2, 527.4, 369.6, 0, 100, 2, 1
NI, 131.0, 3, 462, 797.2, 0, 100, 3, 1
NI, 132.0, 1, 700, 565.6, 0, 100, 1, 1
NI, 132.0, 2, 482.8, 389.2, 0, 100, 2, 1
NI, 132.0, 3, 426, 743.4, 0, 100, 3, 1
NI, 133.0, 1, 684.5, 611.4, 0, 100, 1, 1
NI, 133.0, 2, 438.2, 408.8, 0, 100, 2, 1
NI, 133.0, 3, 390, 689.6, 0, 100, 3, 1
NI, 134.0, 1, 669, 657.2, 0, 100, 1, 1
NI, 134.0, 2, 393.6, 428.4, 0, 100, 2, 1
NI, 134.0, 3, 354, 635.8, 0, 100, 3, 1
NI, 135.0, 1, 653.5, 703, 0, 100, 1, 1
NI, 135.0, 2, 349, 448, 0, 100, 2, 1
NI, 135.0, 3, 318, 582, 0, 100, 3, 1
NI, 136.0, 1, 638, 748.8, 0, 100, 1, 1
NI, 136.0, 2, 304.4, 467.6, 0, 100, 2, 1
NI, 136.0, 3, 282, 528.2, 0, 100, 3, 1
NI, 137.0, 1, 622.5, 794.6, 0, 100, 1, 1
NI, 137.0, 2, 259.8, 487.2, 0, 100, 2, 1
NI, 137.0, 3, 246, 474.4, 0, 100, 3, 1
NI, 138.0, 1, 607, 840.4, 0, 100, 1, 1
NI, 138.0, 2, 215.2, 506.8, 0, 100, 2, 1
NI, 138.0, 3, 210, 420.6, 0, 100, 3, 1
NI, 139.0, 1, 591.5, 886.2, 0, 100, 1, 1
NI, 139.0, 2, 170.6, 526.4, 0, 100, 2, 1
NI, 139.0, 3, 174, 366.8, 0, 100, 3, 1
NI, 140.0, 1, 576, 932, 0, 100, 1, 1
NI, 140.0, 2, 126, 546, 0, 100, 2, 1
NI, 140.0, 3, 138, 313, 0, 100, 3, 1
NI, 141.0, 1, 532.6, 892.6, 0, 100, 1, 1
NI, 141.0, 2, 126.3, 587.2, 0, 100, 2, 1
NI, 141.0, 3, 154.1, 302.4, 0, 100, 3, 1
NI, 142.0, 1, 489.2, 853.2, 0, 100, 1, 1
NI, 142.0, 2, 126.6, 628.4, 0, 100, 2, 1
NI, 142.0, 3, 170.2, 291.8, 0, 100, 3, 1
NI, 143.0, 1, 445.8, 813.8, 0, 100, 1, 1
NI, 143.0, 2, 126.9, 669.6, 0, 100, 2, 1
NI, 143.0, 3, 186.3, 281.2, 0, 100, 3, 1
NI, 144.0, 1, 402.4, 774.4, 0, 100, 1, 1
NI, 144.0, 2, 127.2, 710.8, 0, 100, 2, 1
NI, 144.0, 3, 202.4, 270.6, 0, 100, 3, 1
NI, 145.0, 1, 359, 735, 0, 100, 1, 1
NI, 145.0, 2, 127.5, 752, 0, 100, 2, 1
NI, 145.0, 3, 218.5, 260, 0, 100, 3, 1
NI, 146.0, 1, 315.6, 695.6, 0, 100, 1, 1
NI, 146.0, 2, 127.8, 793.2, 0, 100, 2, 1
NI, 146.0, 3, 234.6, 249.4, 0, 100, 3, 1
NI, 147.0, 1, 272.2, 656.2, 0, 100, 1, 1
NI, 147.0, 2, 128.1, 834.4, 0, 100, 2, 1
NI, 147.0, 3, 250.7, 238.8, 0, 100, 3, 1
NI, 148.0, 1, 228.8, 616.8, 0, 100, 1, 1
NI, 148.0, 2, 128.4, 875.6, 0, 100, 2, 1
NI, 148.0, 3, 266.8, 228.2, 0, 100, 3, 1
NI, 149.0, 1, 185.4, 577.4, 0, 100, 1, 1
NI, 149.0, 2, 128.7, 916.8, 0, 100, 2, 1
NI, 149.0, 3, 282.9, 217.6, 0, 100, 3, 1
NI, 150.0, 1, 142, 538, 0, 100, 1, 1
NI, 150.0, 2, 129, 958, 0, 100, 2, 1
NI, 150.0, 3, 299, 207, 0, 100, 3, 1
NI, 151.0, 1, 152.2, 532.4, 0, 100, 1, 1
NI, 151.0, 2, 153.9, 899.6, 0, 100, 2, 1
NI, 151.0, 3, 342.7, 218.6, 0, 100, 3, 1
NI, 152.0, 1, 162.4, 526.8, 0, 100, 1, 1
NI, 152.0, 2, 178.8, 841.2, 0, 100, 2, 1
NI, 152.0, 3, 386.4, 230.2, 0, 100, 3, 1
NI, 153.0, 1, 172.6, 521.2, 0, 100, 1, 1
NI, 153.0, 2, 203.7, 782.8, 0, 100, 2, 1
NI, 153.0, 3, 430.1, 241.8, 0, 100, 3, 1
NI, 154.0, 1, 182.8, 515.6, 0, 100, 1, 1
NI, 154.0, 2, 228.6, 724.4, 0, 100, 2, 1
NI, 154.0, 3, 473.8, 253.4, 0, 100, 3, 1
NI, 155.0, 1, 193, 510, 0, 100, 1, 1
NI, 155.0, 2, 253.5, 666, 0, 100, 2, 1
NI, 155.0, 3, 517.5, 265, 0, 100, 3, 1
NI, 156.0, 1, 203.2, 504.4, 0, 100, 1, 1
NI, 156.0, 2, 278.4, 607.6, 0, 100, 2, 1
NI, 156.0, 3, 561.2, 276.6, 0, 100, 3, 1
NI, 157.0, 1, 213.4, 498.8, 0, 100, 1, 1
NI, 157.0, 2, 303.3, 549.2, 0, 100, 2, 1
NI, 157.0, 3, 604.9, 288.2, 0, 100, 3, 1
NI, 158.0, 1, 223.6, 493.2, 0, 100, 1, 1
NI, 158.0, 2, 328.2, 490.8, 0, 100, 2, 1
NI, 158.0, 3, 648.6, 299.8, 0, 100, 3, 1
NI, 159.0, 1, 233.8, 487.6, 0, 100, 1, 1
NI, 159.0, 2, 353.1, 432.4, 0, 100, 2, 1
NI, 159.0, 3, 692.3, 311.4, 0, 100, 3, 1
NI, 160.0, 1, 244, 482, 0, 100, 1, 1
NI, 160.0, 2, 378, 374, 0, 100, 2, 1
NI, 160.0, 3, 736, 323, 0, 100, 3, 1
NI, 161.0, 1, 286.1, 436.9, 0, 100, 1, 1
NI, 161.0, 2, 369.9, 408.2, 0, 100, 2, 1
NI, 161.0, 3, 678.6, 312.1, 0, 100, 3, 1
NI, 162.0, 1, 328.2, 391.8, 0, 100, 1, 1
NI, 162.0, 2, 361.8, 442.4, 0, 100, 2, 1
NI, 162.0, 3, 621.2, 301.2, 0, 100, 3, 1
NI, 163.0, 1, 370.3, 346.7, 0, 100, 1, 1
NI, 163.0, 2, 353.7, 476.6, 0, 100, 2, 1
NI, 163.0, 3, 563.8, 290.3, 0, 100, 3, 1
NI, 164.0, 1, 412.4, 301.6, 0, 100, 1, 1
NI, 164.0, 2, 345.6, 510.8, 0, 100, 2, 1
NI, 164.0, 3, 506.4, 279.4, 0, 100, 3, 1
NI, 165.0, 1, 454.5, 256.5, 0, 100, 1, 1
NI, 165.0, 2, 337.5, 545, 0, 100, 2, 1
NI, 165.0, 3, 449, 268.5, 0, 100, 3, 1
NI, 166.0, 1, 496.6, 211.4, 0, 100, 1, 1
NI, 166.0, 2, 329.4, 579.2, 0, 100, 2, 1
NI, 166.0, 3, 391.6, 257.6, 0, 100, 3, 1
NI, 167.0, 1, 538.7, 166.3, 0, 100, 1, 1
NI, 167.0, 2, 321.3, 613.4, 0, 100, 2, 1
NI, 167.0, 3, 334.2, 246.7, 0, 100, 3, 1
NI, 168.0, 1, 580.8, 121.2, 0, 100, 1, 1
NI, 168.0, 2, 313.2, 647.6, 0, 100, 2, 1
NI, 168.0, 3, 276.8, 235.8, 0, 100, 3, 1
NI, 169.0, 1, 622.9, 76.1, 0, 100, 1, 1
NI, 169.0, 2, 305.1, 681.8, 0, 100, 2, 1
NI, 169.0, 3, 219.4, 224.9, 0, 100, 3, 1
NI, 170.0, 1, 665, 31, 0, 100, 1, 1
NI, 170.0, 2, 297, 716, 0, 100, 2, 1
NI, 170.0, 3, 162, 214, 0, 100, 3, 1
NI, 171.0, 1, 624.7, 62.4, 0, 100, 1, 1
NI, 171.0, 2, 317.7, 717.2, 0, 100, 2, 1
NI, 171.0, 3, 229.8, 292.5, 0, 100, 3, 1
NI, 172.0, 1, 584.4, 93.8, 0, 100, 1, 1
NI, 172.0, 2, 338.4, 718.4, 0, 100, 2, 1
NI, 172.0, 3, 297.6, 371, 0, 100, 3, 1
NI, 173.0, 1, 544.1, 125.2, 0, 100, 1, 1
NI, 173.0, 2, 359.1, 719.6, 0, 100, 2, 1
NI, 173.0, 3, 365.4, 449.5, 0, 100, 3, 1
NI, 174.0, 1, 503.8, 156.6, 0, 100, 1, 1
NI, 174.0, 2, 379.8, 720.8, 0, 100, 2, 1
NI, 174.0, 3, 433.2, 528, 0, 100, 3, 1
NI, 175.0, 1, 463.5, 188, 0, 100, 1, 1
NI, 175.0, 2, 400.5, 722, 0, 100, 2, 1
NI, 175.0, 3, 501, 606.5, 0, 100, 3, 1
NI, 176.0, 1, 423.2, 219.4, 0, 100, 1, 1
NI, 176.0, 2, 421.2, 723.2, 0, 100, 2, 1
NI, 176.0, 3, 568.8, 685, 0, 100, 3, 1
NI, 177.0, 1, 382.9, 250.8, 0, 100, 1, 1
NI, 177.0, 2, 441.9, 724.4, 0, 100, 2, 1
NI, 177.0, 3, 636.6, 763.5, 0, 100, 3, 1
NI, 178.0, 1, 342.6, 282.2, 0, 100, 1, 1
NI, 178.0, 2, 462.6, 725.6, 0, 100, 2, 1
NI, 178.0, 3, 704.4, 842, 0, 100, 3, 1
NI, 179.0, 1, 302.3, 313.6, 0, 100, 1, 1
NI, 179.0, 2, 483.3, 726.8, 0, 100, 2, 1
NI, 179.0, 3, 772.2, 920.5, 0, 100, 3, 1
NI, 180.0, 1, 262, 345, 0, 100, 1, 1
NI, 180.0, 2, 504, 728, 0, 100, 2, 1
NI, 180.0, 3, 840, 999, 0, 100, 3, 1
NI, 181.0, 1, 296.3, 325, 0, 100, 1, 1
NI, 181.0, 2, 502.8, 749.2, 0, 100, 2, 1
NI, 181.0, 3, 805.4, 988.4, 0, 100, 3, 1
NI, 182.0, 1, 330.6, 305, 0, 100, 1, 1
NI, 182.0, 2, 501.6, 770.4, 0, 100, 2, 1
NI, 182.0, 3, 770.8, 977.8, 0, 100, 3, 1
NI, 183.0, 1, 364.9, 285, 0, 100, 1, 1
NI, 183.0, 2, 500.4, 791.6, 0, 100, 2, 1
NI, 183.0, 3, 736.2, 967.2, 0, 100, 3, 1
NI, 184.0, 1, 399.2, 265, 0, 100, 1, 1
NI, 184.0, 2, 499.2, 812.8, 0, 100, 2, 1
NI, 184.0, 3, 701.6, 956.6, 0, 100, 3, 1
NI, 185.0, 1, 433.5, 245, 0, 100, 1, 1
NI, 185.0, 2, 498, 834, 0, 100, 2, 1
NI, 185.0, 3, 667, 946, 0, 100, 3, 1
NI, 186.0, 1, 467.8, 225, 0, 100, 1, 1
NI, 186.0, 2, 496.8, 855.2, 0, 100, 2, 1
NI, 186.0, 3, 632.4, 935.4, 0, 100, 3, 1
NI, 187.0, 1, 502.1, 205, 0, 100, 1, 1
NI, 187.0, 2, 495.6, 876.4, 0, 100, 2, 1
NI, 187.0, 3, 597.8, 924.8, 0, 100, 3, 1
NI, 188.0, 1, 536.4, 185, 0, 100, 1, 1
NI, 188.0, 2, 494.4, 897.6, 0, 100, 2, 1
NI, 188.0, 3, 563.2, 914.2, 0, 100, 3, 1
NI, 189.0, 1, 570.7, 165, 0, 100, 1, 1
NI, 189.0, 2, 493.2, 918.8, 0, 100, 2, 1
NI, 189.0, 3, 528.6, 903.6, 0, 100, 3, 1
NI, 190.0, 1, 605, 145, 0, 100, 1, 1
NI, 190.0, 2, 492, 940, 0, 100, 2, 1
NI, 190.0, 3, 494, 893, 0, 100, 3, 1
NI, 191.0, 1, 610.8, 199.6, 0, 100, 1, 1
NI, 191.0, 2, 484.5, 875.2, 0, 100, 2, 1
NI, 191.0, 3, 533.9, 812.5, 0, 100, 3, 1
NI, 192.0, 1, 616.6, 254.2, 0, 100, 1, 1
NI, 192.0, 2, 477, 810.4, 0, 100, 2, 1
NI, 192.0, 3, 573.8, 732, 0, 100, 3, 1
NI, 193.0, 1, 622.4, 308.8, 0, 100, 1, 1
NI, 193.0, 2, 469.5, 745.6, 0, 100, 2, 1
NI, 193.0, 3, 613.7, 651.5, 0, 100, 3, 1
NI, 194.0, 1, 628.2, 363.4, 0, 100, 1, 1
NI, 194.0, 2, 462, 680.8, 0, 100, 2, 1
NI, 194.0, 3, 653.6, 571, 0, 100, 3, 1
NI, 195.0, 1, 634, 418, 0, 100, 1, 1
NI, 195.0, 2, 454.5, 616, 0, 100, 2, 1
NI, 195.0, 3, 693.5, 490.5, 0, 100, 3, 1
NI, 196.0, 1, 639.8, 472.6, 0, 100, 1, 1
NI, 196.0, 2, 447, 551.2, 0, 100, 2, 1
NI, 196.0, 3, 733.4, 410, 0, 100, 3, 1
NI, 197.0, 1, 645.6, 527.2, 0, 100, 1, 1
NI, 197.0, 2, 439.5, 486.4, 0, 100, 2, 1
NI, 197.0, 3, 773.3, 329.5, 0, 100, 3, 1
NI, 198.0, 1, 651.4, 581.8, 0, 100, 1, 1
NI, 198.0, 2, 432, 421.6, 0, 100, 2, 1
NI, 198.0, 3, 813.2, 249, 0, 100, 3, 1
NI, 199.0, 1, 657.2, 636.4, 0, 100, 1, 1
NI, 199.0, 2, 424.5, 356.8, 0, 100, 2, 1
NI, 199.0, 3, 853.1, 168.5, 0, 100, 3, 1
NI, 200.0, 1, 663, 691, 0, 100, 1, 1
NI, 200.0, 2, 417, 292, 0, 100, 2, 1
NI, 200.0, 3, 893, 88, 0, 100, 3, 1
NI, 201.0, 1, 618.5, 680.4, 0, 100, 1, 1
NI, 201.0, 2, 428, 351.2, 0, 100, 2, 1
NI, 201.0, 3, 870.1, 112.9, 0, 100, 3, 1
NI, 202.0, 1, 574, 669.8, 0, 100, 1, 1
NI, 202.0, 2, 439, 410.4, 0, 100, 2, 1
NI, 202.0, 3, 847.2, 137.8, 0, 100, 3, 1
NI, 203.0, 1, 529.5, 659.2, 0, 100, 1, 1
NI, 203.0, 2, 450, 469.6, 0, 100, 2, 1
NI, 203.0, 3, 824.3, 162.7, 0, 100, 3, 1
NI, 204.0, 1, 485, 648.6, 0, 100, 1, 1
NI, 204.0, 2, 461, 528.8, 0, 100, 2, 1
NI, 204.0, 3, 801.4, 187.6, 0, 100, 3, 1
NI, 205.0, 1, 440.5, 638, 0, 100, 1, 1
NI, 205.0, 2, 472, 588, 0, 100, 2, 1
NI, 205.0, 3, 778.5, 212.5, 0, 100, 3, 1
NI, 206.0, 1, 396, 627.4, 0, 100, 1, 1
NI, 206.0, 2, 483, 647.2, 0, 100, 2, 1
NI, 206.0, 3, 755.6, 237.4, 0, 100, 3, 1
NI, 207.0, 1, 351.5, 616.8, 0, 100, 1, 1
NI, 207.0, 2, 494, 706.4, 0, 100, 2, 1
NI, 207.0, 3, 732.7, 262.3, 0, 100, 3, 1
NI, 208.0, 1, 307, 606.2, 0, 100, 1, 1
NI, 208.0, 2, 505, 765.6, 0, 100, 2, 1
NI, 208.0, 3, 709.8, 287.2, 0, 100, 3, 1
NI, 209.0, 1, 262.5, 595.6, 0, 100, 1, 1
NI, 209.0, 2, 516, 824.8, 0, 100, 2, 1
NI, 209.0, 3, 686.9, 312.1, 0, 100, 3, 1
NI, 210.0, 1, 218, 585, 0, 100, 1, 1
NI, 210.0, 2, 527, 884, 0, 100, 2, 1
NI, 210.0, 3, 664, 337, 0, 100, 3, 1
NI, 211.0, 1, 272.1, 574.8, 0, 100, 1, 1
NI, 211.0, 2, 547.1, 799.4, 0, 100, 2, 1
NI, 211.0, 3, 606.2, 393.8, 0, 100, 3, 1
NI, 212.0, 1, 326.2, 564.6, 0, 100, 1, 1
NI, 212.0, 2, 567.2, 714.8, 0, 100, 2, 1
NI, 212.0, 3, 548.4, 450.6, 0, 100, 3, 1
NI, 213.0, 1, 380.3, 554.4, 0, 100, 1, 1
NI, 213.0, 2, 587.3, 630.2, 0, 100, 2, 1
NI, 213.0, 3, 490.6, 507.4, 0, 100, 3, 1
NI, 214.0, 1, 434.4, 544.2, 0, 100, 1, 1
NI, 214.0, 2, 607.4, 545.6, 0, 100, 2, 1
NI, 214.0, 3, 432.8, 564.2, 0, 100, 3, 1
NI, 215.0, 1, 488.5, 534, 0, 100, 1, 1
NI, 215.0, 2, 627.5, 461, 0, 100, 2, 1
NI, 215.0, 3, 375, 621, 0, 100, 3, 1
NI, 216.0, 1, 542.6, 523.8, 0, 100, 1, 1
NI, 216.0, 2, 647.6, 376.4, 0, 100, 2, 1
NI, 216.0, 3, 317.2, 677.8, 0, 100, 3, 1
NI, 217.0, 1, 596.7, 513.6, 0, 100, 1, 1
NI, 217.0, 2, 667.7, 291.8, 0, 100, 2, 1
NI, 217.0, 3, 259.4, 734.6, 0, 100, 3, 1
NI, 218.0, 1, 650.8, 503.4, 0, 100, 1, 1
NI, 218.0, 2, 687.8, 207.2, 0, 100, 2, 1
NI, 218.0, 3, 201.6, 791.4, 0, 100, 3, 1
NI, 219.0, 1, 704.9, 493.2, 0, 100, 1, 1
NI, 219.0, 2, 707.9, 122.6, 0, 100, 2, 1
NI, 219.0, 3, 143.8, 848.2, 0, 100, 3, 1
NI, 220.0, 1, 759, 483, 0, 100, 1, 1
NI, 220.0, 2, 728, 38, 0, 100, 2, 1
NI, 220.0, 3, 86, 905, 0, 100, 3, 1
NI, 221.0, 1, 766.1, 499.4, 0, 100, 1, 1
NI, 221.0, 2, 723.8, 120.2, 0, 100, 2, 1
NI, 221.0, 3, 100.4, 858.9, 0, 100, 3, 1
NI, 222.0, 1, 773.2, 515.8, 0, 100, 1, 1
NI, 222.0, 2, 719.6, 202.4, 0, 100, 2, 1
NI, 222.0, 3, 114.8, 812.8, 0, 100, 3, 1
NI, 223.0, 1, 780.3, 532.2, 0, 100, 1, 1
NI, 223.0, 2, 715.4, 284.6, 0, 100, 2, 1
NI, 223.0, 3, 129.2, 766.7, 0, 100, 3, 1
NI, 224.0, 1, 787.4, 548.6, 0, 100, 1, 1
NI, 224.0, 2, 711.2, 366.8, 0, 100, 2, 1
NI, 224.0, 3, 143.6, 720.6, 0, 100, 3, 1
NI, 225.0, 1, 794.5, 565, 0, 100, 1, 1
NI, 225.0, 2, 707, 449, 0, 100, 2, 1
NI, 225.0, 3, 158, 674.5, 0, 100, 3, 1
NI, 226.0, 1, 801.6, 581.4, 0, 100, 1, 1
NI, 226.0, 2, 702.8, 531.2, 0, 100, 2, 1
NI, 226.0, 3, 172.4, 628.4, 0, 100, 3, 1
NI, 227.0, 1, 808.7, 597.8, 0, 100, 1, 1
NI, 227.0, 2, 698.6, 613.4, 0, 100, 2, 1
NI, 227.0, 3, 186.8, 582.3, 0, 100, 3, 1
NI, 228.0, 1, 815.8, 614.2, 0, 100, 1, 1
NI, 228.0, 2, 694.4, 695.6, 0, 100, 2, 1
NI, 228.0, 3, 201.2, 536.2, 0, 100, 3, 1
NI, 229.0, 1, 822.9, 630.6, 0, 100, 1, 1
NI, 229.0, 2, 690.2, 777.8, 0, 100, 2, 1
NI, 229.0, 3, 215.6, 490.1, 0, 100, 3, 1
NI, 230.0, 1, 830, 647, 0, 100, 1, 1
NI, 230.0, 2, 686, 860, 0, 100, 2, 1
NI, 230.0, 3, 230, 444, 0, 100, 3, 1
NI, 231.0, 1, 829.1, 590.3, 0, 100, 1, 1
NI, 231.0, 2, 631, 807.8, 0, 100, 2, 1
NI, 231.0, 3, 269.9, 468.3, 0, 100, 3, 1
NI, 232.0, 1, 828.2, 533.6, 0, 100, 1, 1
NI, 232.0, 2, 576, 755.6, 0, 100, 2, 1
NI, 232.0, 3, 309.8, 492.6, 0, 100, 3, 1
NI, 233.0, 1, 827.3, 476.9, 0, 100, 1, 1
NI, 233.0, 2, 521, 703.4, 0, 100, 2, 1
NI, 233.0, 3, 349.7, 516.9, 0, 100, 3, 1
NI, 234.0, 1, 826.4, 420.2, 0, 100, 1, 1
NI, 234.0, 2, 466, 651.2, 0, 100, 2, 1
NI, 234.0, 3, 389.6, 541.2, 0, 100, 3, 1
NI, 235.0, 1, 825.5, 363.5, 0, 100, 1, 1
NI, 235.0, 2, 411, 599, 0, 100, 2, 1
NI, 235.0, 3, 429.5, 565.5, 0, 100, 3, 1
NI, 236.0, 1, 824.6, 306.8, 0, 100, 1, 1
NI, 236.0, 2, 356, 546.8, 0, 100, 2, 1
NI, 236.0, 3, 469.4, 589.8, 0, 100, 3, 1
NI, 237.0, 1, 823.7, 250.1, 0, 100, 1, 1
NI, 237.0, 2, 301, 494.6, 0, 100, 2, 1
NI, 237.0, 3, 509.3, 614.1, 0, 100, 3, 1
NI, 238.0, 1, 822.8, 193.4, 0, 100, 1, 1
NI, 238.0, 2, 246, 442.4, 0, 100, 2, 1
NI, 238.0, 3, 549.2, 638.4, 0, 100, 3, 1
NI, 239.0, 1, 821.9, 136.7, 0, 100, 1, 1
NI, 239.0, 2, 191, 390.2, 0, 100, 2, 1
NI, 239.0, 3, 589.1, 662.7, 0, 100, 3, 1
NI, 240.0, 1, 821, 80, 0, 100, 1, 1
NI, 240.0, 2, 136, 338, 0, 100, 2, 1
NI, 240.0, 3, 629, 687, 0, 100, 3, 1
NI, 241.0, 1, 741.1, 82.5, 0, 100, 1, 1
NI, 241.0, 2, 214.1, 342, 0, 100, 2, 1
NI, 241.0, 3, 634.7, 686.3, 0, 100, 3, 1
NI, 242.0, 1, 661.2, 85, 0, 100, 1, 1
NI, 242.0, 2, 292.2, 346, 0, 100, 2, 1
NI, 242.0, 3, 640.4, 685.6, 0, 100, 3, 1
NI, 243.0, 1, 581.3, 87.5, 0, 100, 1, 1
NI, 243.0, 2, 370.3, 350, 0, 100, 2, 1
NI, 243.0, 3, 646.1, 684.9, 0, 100, 3, 1
NI, 244.0, 1, 501.4, 90, 0, 100, 1, 1
NI, 244.0, 2, 448.4, 354, 0, 100, 2, 1
NI, 244.0, 3, 651.8, 684.2, 0, 100, 3, 1
NI, 245.0, 1, 421.5, 92.5, 0, 100, 1, 1
NI, 245.0, 2, 526.5, 358, 0, 100, 2, 1
NI, 245.0, 3, 657.5, 683.5, 0, 100, 3, 1
NI, 246.0, 1, 341.6, 95, 0, 100, 1, 1
NI, 246.0, 2, 604.6, 362, 0, 100, 2, 1
NI, 246.0, 3, 663.2, 682.8, 0, 100, 3, 1
NI, 247.0, 1, 261.7, 97.5, 0, 100, 1, 1
NI, 247.0, 2, 682.7, 366, 0, 100, 2, 1
NI, 247.0, 3, 668.9, 682.1, 0, 100, 3, 1
NI, 248.0, 1, 181.8, 100, 0, 100, 1, 1
NI, 248.0, 2, 760.8, 370, 0, 100, 2, 1
NI, 248.0, 3, 674.6, 681.4, 0, 100, 3, 1
NI, 249.0, 1, 101.9, 102.5, 0, 100, 1, 1
NI, 249.0, 2, 838.9, 374, 0, 100, 2, 1
NI, 249.0, 3, 680.3, 680.7, 0, 100, 3, 1
NI, 250.0, 1, 22, 105, 0, 100, 1, 1
NI, 250.0, 2, 917, 378, 0, 100, 2, 1
NI, 250.0, 3, 686, 680, 0, 100, 3, 1
NI, 251.0, 1, 92.5, 118.7, 0, 100, 1, 1
NI, 251.0, 2, 844.4, 414.4, 0, 100, 2, 1
NI, 251.0, 3, 717.3, 618.6, 0, 100, 3, 1
NI, 252.0, 1, 163, 132.4, 0, 100, 1, 1
NI, 252.0, 2, 771.8, 450.8, 0, 100, 2, 1
NI, 252.0, 3, 748.6, 557.2, 0, 100, 3, 1
NI, 253.0, 1, 233.5, 146.1, 0, 100, 1, 1
NI, 253.0, 2, 699.2, 487.2, 0, 100, 2, 1
NI, 253.0, 3, 779.9, 495.8, 0, 100, 3, 1
NI, 254.0, 1, 304, 159.8, 0, 100, 1, 1
NI, 254.0, 2, 626.6, 523.6, 0, 100, 2, 1
NI, 254.0, 3, 811.2, 434.4, 0, 100, 3, 1
NI, 255.0, 1, 374.5, 173.5, 0, 100, 1, 1
NI, 255.0, 2, 554, 560, 0, 100, 2, 1
NI, 255.0, 3, 842.5, 373, 0, 100, 3, 1
NI, 256.0, 1, 445, 187.2, 0, 100, 1, 1
NI, 256.0, 2, 481.4, 596.4, 0, 100, 2, 1
NI, 256.0, 3, 873.8, 311.6, 0, 100, 3, 1
NI, 257.0, 1, 515.5, 200.9, 0, 100, 1, 1
NI, 257.0, 2, 408.8, 632.8, 0, 100, 2, 1
NI, 257.0, 3, 905.1, 250.2, 0, 100, 3, 1
NI, 258.0, 1, 586, 214.6, 0, 100, 1, 1
NI, 258.0, 2, 336.2, 669.2, 0, 100, 2, 1
NI, 258.0, 3, 936.4, 188.8, 0, 100, 3, 1
NI, 259.0, 1, 656.5, 228.3, 0, 100, 1, 1
NI, 259.0, 2, 263.6, 705.6, 0, 100, 2, 1
NI, 259.0, 3, 967.7, 127.4, 0, 100, 3, 1
NI, 260.0, 1, 727, 242, 0, 100, 1, 1
NI, 260.0, 2, 191, 742, 0, 100, 2, 1
NI, 260.0, 3, 999, 66, 0, 100, 3, 1
NI, 261.0, 1, 749.5, 289.2, 0, 100, 1, 1
NI, 261.0, 2, 220.9, 711.5, 0, 100, 2, 1
NI, 261.0, 3, 945.1, 157.1, 0, 100, 3, 1
NI, 262.0, 1, 772, 336.4, 0, 100, 1, 1
NI, 262.0, 2, 250.8, 681, 0, 100, 2, 1
NI, 262.0, 3, 891.2, 248.2, 0, 100, 3, 1
NI, 263.0, 1, 794.5, 383.6, 0, 100, 1, 1
NI, 263.0, 2, 280.7, 650.5, 0, 100, 2, 1
NI, 263.0, 3, 837.3, 339.3, 0, 100, 3, 1
NI, 264.0, 1, 817, 430.8, 0, 100, 1, 1
NI, 264.0, 2, 310.6, 620, 0, 100, 2, 1
NI, 264.0, 3, 783.4, 430.4, 0, 100, 3, 1
NI, 265.0, 1, 839.5, 478, 0, 100, 1, 1
NI, 265.0, 2, 340.5, 589.5, 0, 100, 2, 1
NI, 265.0, 3, 729.5, 521.5, 0, 100, 3, 1
NI, 266.0, 1, 862, 525.2, 0, 100, 1, 1
NI, 266.0, 2, 370.4, 559, 0, 100, 2, 1
NI, 266.0, 3, 675.6, 612.6, 0, 100, 3, 1
NI, 267.0, 1, 884.5, 572.4, 0, 100, 1, 1
NI, 267.0, 2, 400.3, 528.5, 0, 100, 2, 1
NI, 267.0, 3, 621.7, 703.7, 0, 100, 3, 1
NI, 268.0, 1, 907, 619.6, 0, 100, 1, 1
NI, 268.0, 2, 430.2, 498, 0, 100, 2, 1
NI, 268.0, 3, 567.8, 794.8, 0, 100, 3, 1
NI, 269.0, 1, 929.5, 666.8, 0, 100, 1, 1
NI, 269.0, 2, 460.1, 467.5, 0, 100, 2, 1
NI, 269.0, 3, 513.9, 885.9, 0, 100, 3, 1
NI, 270.0, 1, 952, 714, 0, 100, 1, 1
NI, 270.0, 2, 490, 437, 0, 100, 2, 1
NI, 270.0, 3, 460, 977, 0, 100, 3, 1
NI, 271.0, 1, 908.4, 740.5, 0, 100, 1, 1
NI, 271.0, 2, 474.2, 490, 0, 100, 2, 1
NI, 271.0, 3, 500, 938.3, 0, 100, 3, 1
NI, 272.0, 1, 864.8, 767, 0, 100, 1, 1
NI, 272.0, 2, 458.4, 543, 0, 100, 2, 1
NI, 272.0, 3, 540, 899.6, 0, 100, 3, 1
NI, 273.0, 1, 821.2, 793.5, 0, 100, 1, 1
NI, 273.0, 2, 442.6, 596, 0, 100, 2, 1
NI, 273.0, 3, 580, 860.9, 0, 100, 3, 1
NI, 274.0, 1, 777.6, 820, 0, 100, 1, 1
NI, 274.0, 2, 426.8, 649, 0, 100, 2, 1
NI, 274.0, 3, 620, 822.2, 0, 100, 3, 1
NI, 275.0, 1, 734, 846.5, 0, 100, 1, 1
NI, 275.0, 2, 411, 702, 0, 100, 2, 1
NI, 275.0, 3, 660, 783.5, 0, 100, 3, 1
NI, 276.0, 1, 690.4, 873, 0, 100, 1, 1
NI, 276.0, 2, 395.2, 755, 0, 100, 2, 1
NI, 276.0, 3, 700, 744.8, 0, 100, 3, 1
NI, 277.0, 1, 646.8, 899.5, 0, 100, 1, 1
NI, 277.0, 2, 379.4, 808, 0, 100, 2, 1
NI, 277.0, 3, 740, 706.1, 0, 100, 3, 1
NI, 278.0, 1, 603.2, 926, 0, 100, 1, 1
NI, 278.0, 2, 363.6, 861, 0, 100, 2, 1
NI, 278.0, 3, 780, 667.4, 0, 100, 3, 1
NI, 279.0, 1, 559.6, 952.5, 0, 100, 1, 1
NI, 279.0, 2, 347.8, 914, 0, 100, 2, 1
NI, 279.0, 3, 820, 628.7, 0, 100, 3, 1
NI, 280.0, 1, 516, 979, 0, 100, 1, 1
NI, 280.0, 2, 332, 967, 0, 100, 2, 1
NI, 280.0, 3, 860, 590, 0, 100, 3, 1
NI, 281.0, 1, 556.2, 898.9, 0, 100, 1, 1
NI, 281.0, 2, 392.4, 923.7, 0, 100, 2, 1
NI, 281.0, 3, 814.1, 544.3, 0, 100, 3, 1
NI, 282.0, 1, 596.4, 818.8, 0, 100, 1, 1
NI, 282.0, 2, 452.8, 880.4, 0, 100, 2, 1
NI, 282.0, 3, 768.2, 498.6, 0, 100, 3, 1
NI, 283.0, 1, 636.6, 738.7, 0, 100, 1, 1
NI, 283.0, 2, 513.2, 837.1, 0, 100, 2, 1
NI, 283.0, 3, 722.3, 452.9, 0, 100, 3, 1
NI, 284.0, 1, 676.8, 658.6, 0, 100, 1, 1
NI, 284.0, 2, 573.6, 793.8, 0, 100, 2, 1
NI, 284.0, 3, 676.4, 407.2, 0, 100, 3, 1
NI, 285.0, 1, 717, 578.5, 0, 100, 1, 1
NI, 285.0, 2, 634, 750.5, 0, 100, 2, 1
NI, 285.0, 3, 630.5, 361.5, 0, 100, 3, 1
NI, 286.0, 1, 757.2, 498.4, 0, 100, 1, 1
NI, 286.0, 2, 694.4, 707.2, 0, 100, 2, 1
NI, 286.0, 3, 584.6, 315.8, 0, 100, 3, 1
NI, 287.0, 1, 797.4, 418.3, 0, 100, 1, 1
NI, 287.0, 2, 754.8, 663.9, 0, 100, 2, 1
NI, 287.0, 3, 538.7, 270.1, 0, 100, 3, 1
NI, 288.0, 1, 837.6, 338.2, 0, 100, 1, 1
NI, 288.0, 2, 815.2, 620.6, 0, 100, 2, 1
NI, 288.0, 3, 492.8, 224.4, 0, 100, 3, 1
NI, 289.0, 1, 877.8, 258.1, 0, 100, 1, 1
NI, 289.0, 2, 875.6, 577.3, 0, 100, 2, 1
NI, 289.0, 3, 446.9, 178.7, 0, 100, 3, 1
NI, 290.0, 1, 918, 178, 0, 100, 1, 1
NI, 290.0, 2, 936, 534, 0, 100, 2, 1
NI, 290.0, 3, 401, 133, 0, 100, 3, 1
NI, 291.0, 1, 913.2, 178.2, 0, 100, 1, 1
NI, 291.0, 2, 876.4, 551.5, 0, 100, 2, 1
NI, 291.0, 3, 384.4, 183, 0, 100, 3, 1
NI, 292.0, 1, 908.4, 178.4, 0, 100, 1, 1
NI, 292.0, 2, 816.8, 569, 0, 100, 2, 1
NI, 292.0, 3, 367.8, 233, 0, 100, 3, 1
NI, 293.0, 1, 903.6, 178.6, 0, 100, 1, 1
NI, 293.0, 2, 757.2, 586.5, 0, 100, 2, 1
NI, 293.0, 3, 351.2, 283, 0, 100, 3, 1
NI, 294.0, 1, 898.8, 178.8, 0, 100, 1, 1
NI, 294.0, 2, 697.6, 604, 0, 100, 2, 1
NI, 294.0, 3, 334.6, 333, 0, 100, 3, 1
NI, 295.0, 1, 894, 179, 0, 100, 1, 1
NI, 295.0, 2, 638, 621.5, 0, 100, 2, 1
NI, 295.0, 3, 318, 383, 0, 100, 3, 1
NI, 296.0, 1, 889.2, 179.2, 0, 100, 1, 1
NI, 296.0, 2, 578.4, 639, 0, 100, 2, 1
NI, 296.0, 3, 301.4, 433, 0, 100, 3, 1
NI, 297.0, 1, 884.4, 179.4, 0, 100, 1, 1
NI, 297.0, 2, 518.8, 656.5, 0, 100, 2, 1
NI, 297.0, 3, 284.8, 483, 0, 100, 3, 1
NI, 298.0, 1, 879.6, 179.6, 0, 100, 1, 1
NI, 298.0, 2, 459.2, 674, 0, 100, 2, 1
NI, 298.0, 3, 268.2, 533, 0, 100, 3, 1
NI, 299.0, 1, 874.8, 179.8, 0, 100, 1, 1
NI, 299.0, 2, 399.6, 691.5, 0, 100, 2, 1
NI, 299.0, 3, 251.6, 583, 0, 100, 3, 1
NI, 300.0, 1, 870, 180, 0, 100, 1, 1
NI, 300.0, 2, 340, 709, 0, 100, 2, 1
NI, 300.0, 3, 235, 633, 0, 100, 3, 1
NI, 301.0, 1, 838.9, 256.9, 0, 100, 1, 1
NI, 301.0, 2, 383.3, 732.9, 0, 100, 2, 1
NI, 301.0, 3, 286.2, 647.8, 0, 100, 3, 1
NI, 302.0, 1, 807.8, 333.8, 0, 100, 1, 1
NI, 302.0, 2, 426.6, 756.8, 0, 100, 2, 1
NI, 302.0, 3, 337.4, 662.6, 0, 100, 3, 1
NI, 303.0, 1, 776.7, 410.7, 0, 100, 1, 1
NI, 303.0, 2, 469.9, 780.7, 0, 100, 2, 1
NI, 303.0, 3, 388.6, 677.4, 0, 100, 3, 1
NI, 304.0, 1, 745.6, 487.6, 0, 100, 1, 1
NI, 304.0, 2, 513.2, 804.6, 0, 100, 2, 1
NI, 304.0, 3, 439.8, 692.2, 0, 100, 3, 1
NI, 305.0, 1, 714.5, 564.5, 0, 100, 1, 1
NI, 305.0, 2, 556.5, 828.5, 0, 100, 2, 1
NI, 305.0, 3, 491, 707, 0, 100, 3, 1
NI, 306.0, 1, 683.4, 641.4, 0, 100, 1, 1
NI, 306.0, 2, 599.8, 852.4, 0, 100, 2, 1
NI, 306.0, 3, 542.2, 721.8, 0, 100, 3, 1
NI, 307.0, 1, 652.3, 718.3, 0, 100, 1, 1
NI, 307.0, 2, 643.1, 876.3, 0, 100, 2, 1
NI, 307.0, 3, 593.4, 736.6, 0, 100, 3, 1
NI, 308.0, 1, 621.2, 795.2, 0, 100, 1, 1
NI, 308.0, 2, 686.4, 900.2, 0, 100, 2, 1
NI, 308.0, 3, 644.6, 751.4, 0, 100, 3, 1
NI, 309.0, 1, 590.1, 872.1, 0, 100, 1, 1
NI, 309.0, 2, 729.7, 924.1, 0, 100, 2, 1
NI, 309.0, 3, 695.8, 766.2, 0, 100, 3, 1
NI, 310.0, 1, 559, 949, 0, 100, 1, 1
NI, 310.0, 2, 773, 948, 0, 100, 2, 1
NI, 310.0, 3, 747, 781, 0, 100, 3, 1
NI, 311.0, 1, 509.5, 881.7, 0, 100, 1, 1
NI, 311.0, 2, 717.7, 864.2, 0, 100, 2, 1
NI, 311.0, 3, 762.1, 714.1, 0, 100, 3, 1
NI, 312.0, 1, 460, 814.4, 0, 100, 1, 1
NI, 312.0, 2, 662.4, 780.4, 0, 100, 2, 1
NI, 312.0, 3, 777.2, 647.2, 0, 100, 3, 1
NI, 313.0, 1, 410.5, 747.1, 0, 100, 1, 1
NI, 313.0, 2, 607.1, 696.6, 0, 100, 2, 1
NI, 313.0, 3, 792.3, 580.3, 0, 100, 3, 1
NI, 314.0, 1, 361, 679.8, 0, 100, 1, 1
NI, 314.0, 2, 551.8, 612.8, 0, 100, 2, 1
NI, 314.0, 3, 807.4, 513.4, 0, 100, 3, 1
NI, 315.0, 1, 311.5, 612.5, 0, 100, 1, 1
NI, 315.0, 2, 496.5, 529, 0, 100, 2, 1
NI, 315.0, 3, 822.5, 446.5, 0, 100, 3, 1
NI, 316.0, 1, 262, 545.2, 0, 100, 1, 1
NI, 316.0, 2, 441.2, 445.2, 0, 100, 2, 1
NI, 316.0, 3, 837.6, 379.6, 0, 100, 3, 1
NI, 317.0, 1, 212.5, 477.9, 0, 100, 1, 1
NI, 317.0, 2, 385.9, 361.4, 0, 100, 2, 1
NI, 317.0, 3, 852.7, 312.7, 0, 100, 3, 1
NI, 318.0, 1, 163, 410.6, 0, 100, 1, 1
NI, 318.0, 2, 330.6, 277.6, 0, 100, 2, 1
NI, 318.0, 3, 867.8, 245.8, 0, 100, 3, 1
NI, 319.0, 1, 113.5, 343.3, 0, 100, 1, 1
NI, 319.0, 2, 275.3, 193.8, 0, 100, 2, 1
NI, 319.0, 3, 882.9, 178.9, 0, 100, 3, 1
NI, 320.0, 1, 64, 276, 0, 100, 1, 1
NI, 320.0, 2, 220, 110, 0, 100, 2, 1
NI, 320.0, 3, 898, 112, 0, 100, 3, 1
NI, 321.0, 1, 130.4, 312, 0, 100, 1, 1
NI, 321.0, 2, 274.1, 190.2, 0, 100, 2, 1
NI, 321.0, 3, 839, 195.5, 0, 100, 3, 1
NI, 322.0, 1, 196.8, 348, 0, 100, 1, 1
NI, 322.0, 2, 328.2, 270.4, 0, 100, 2, 1
NI, 322.0, 3, 780, 279, 0, 100, 3, 1
NI, 323.0, 1, 263.2, 384, 0, 100, 1, 1
NI, 323.0, 2, 382.3, 350.6, 0, 100, 2, 1
NI, 323.0, 3, 721, 362.5, 0, 100, 3, 1
NI, 324.0, 1, 329.6, 420, 0, 100, 1, 1
NI, 324.0, 2, 436.4, 430.8, 0, 100, 2, 1
NI, 324.0, 3, 662, 446, 0, 100, 3, 1
NI, 325.0, 1, 396, 456, 0, 100, 1, 1
NI, 325.0, 2, 490.5, 511, 0, 100, 2, 1
NI, 325.0, 3, 603, 529.5, 0, 100, 3, 1
NI, 326.0, 1, 462.4, 492, 0, 100, 1, 1
NI, 326.0, 2, 544.6, 591.2, 0, 100, 2, 1
NI, 326.0, 3, 544, 613, 0, 100, 3, 1
NI, 327.0, 1, 528.8, 528, 0, 100, 1, 1
NI, 327.0, 2, 598.7, 671.4, 0, 100, 2, 1
NI, 327.0, 3, 485, 696.5, 0, 100, 3, 1
NI, 328.0, 1, 595.2, 564, 0, 100, 1, 1
NI, 328.0, 2, 652.8, 751.6, 0, 100, 2, 1
NI, 328.0, 3, 426, 780, 0, 100, 3, 1
NI, 329.0, 1, 661.6, 600, 0, 100, 1, 1
NI, 329.0, 2, 706.9, 831.8, 0, 100, 2, 1
NI, 329.0, 3, 367, 863.5, 0, 100, 3, 1
NI, 330.0, 1, 728, 636, 0, 100, 1, 1
NI, 330.0, 2, 761, 912, 0, 100, 2, 1
NI, 330.0, 3, 308, 947, 0, 100, 3, 1
NI, 331.0, 1, 753.2, 643.4, 0, 100, 1, 1
NI, 331.0, 2, 712.2, 874.5, 0, 100, 2, 1
NI, 331.0, 3, 331.7, 854.9, 0, 100, 3, 1
NI, 332.0, 1, 778.4, 650.8, 0, 100, 1, 1
NI, 332.0, 2, 663.4, 837, 0, 100, 2, 1
NI, 332.0, 3, 355.4, 762.8, 0, 100, 3, 1
NI, 333.0, 1, 803.6, 658.2, 0, 100, 1, 1
NI, 333.0, 2, 614.6, 799.5, 0, 100, 2, 1
NI, 333.0, 3, 379.1, 670.7, 0, 100, 3, 1
NI, 334.0, 1, 828.8, 665.6, 0, 100, 1, 1
NI, 334.0, 2, 565.8, 762, 0, 100, 2, 1
NI, 334.0, 3, 402.8, 578.6, 0, 100, 3, 1
NI, 335.0, 1, 854, 673, 0, 100, 1, 1
NI, 335.0, 2, 517, 724.5, 0, 100, 2, 1
NI, 335.0, 3, 426.5, 486.5, 0, 100, 3, 1
NI, 336.0, 1, 879.2, 680.4, 0, 100, 1, 1
NI, 336.0, 2, 468.2, 687, 0, 100, 2, 1
NI, 336.0, 3, 450.2, 394.4, 0, 100, 3, 1
NI, 337.0, 1, 904.4, 687.8, 0, 100, 1, 1
NI, 337.0, 2, 419.4, 649.5, 0, 100, 2, 1
NI, 337.0, 3, 473.9, 302.3, 0, 100, 3, 1
NI, 338.0, 1, 929.6, 695.2, 0, 100, 1, 1
NI, 338.0, 2, 370.6, 612, 0, 100, 2, 1
NI, 338.0, 3, 497.6, 210.2, 0, 100, 3, 1
NI, 339.0, 1, 954.8, 702.6, 0, 100, 1, 1
NI, 339.0, 2, 321.8, 574.5, 0, 100, 2, 1
NI, 339.0, 3, 521.3, 118.1, 0, 100, 3, 1
NI, 340.0, 1, 980, 710, 0, 100, 1, 1
NI, 340.0, 2, 273, 537, 0, 100, 2, 1
NI, 340.0, 3, 545, 26, 0, 100, 3, 1
NI, 341.0, 1, 922.3, 701.5, 0, 100, 1, 1
NI, 341.0, 2, 295.2, 550.3, 0, 100, 2, 1
NI, 341.0, 3, 503.5, 34.9, 0, 100, 3, 1
NI, 342.0, 1, 864.6, 693, 0, 100, 1, 1
NI, 342.0, 2, 317.4, 563.6, 0, 100, 2, 1
NI, 342.0, 3, 462, 43.8, 0, 100, 3, 1
NI, 343.0, 1, 806.9, 684.5, 0, 100, 1, 1
NI, 343.0, 2, 339.6, 576.9, 0, 100, 2, 1
NI, 343.0, 3, 420.5, 52.7, 0, 100, 3, 1
NI, 344.0, 1, 749.2, 676, 0, 100, 1, 1
NI, 344.0, 2, 361.8, 590.2, 0, 100, 2, 1
NI, 344.0, 3, 379, 61.6, 0, 100, 3, 1
NI, 345.0, 1, 691.5, 667.5, 0, 100, 1, 1
NI, 345.0, 2, 384, 603.5, 0, 100, 2, 1
NI, 345.0, 3, 337.5, 70.5, 0, 100, 3, 1
NI, 346.0, 1, 633.8, 659, 0, 100, 1, 1
NI, 346.0, 2, 406.2, 616.8, 0, 100, 2, 1
NI, 346.0, 3, 296, 79.4, 0, 100, 3, 1
NI, 347.0, 1, 576.1, 650.5, 0, 100, 1, 1
NI, 347.0, 2, 428.4, 630.1, 0, 100, 2, 1
NI, 347.0, 3, 254.5, 88.3, 0, 100, 3, 1
NI, 348.0, 1, 518.4, 642, 0, 100, 1, 1
NI, 348.0, 2, 450.6, 643.4, 0, 100, 2, 1
NI, 348.0, 3, 213, 97.2, 0, 100, 3, 1
NI, 349.0, 1, 460.7, 633.5, 0, 100, 1, 1
NI, 349.0, 2, 472.8, 656.7, 0, 100, 2, 1
NI, 349.0, 3, 171.5, 106.1, 0, 100, 3, 1
NI, 350.0, 1, 403, 625, 0, 100, 1, 1
NI, 350.0, 2, 495, 670, 0, 100, 2, 1
NI, 350.0, 3, 130, 115, 0, 100, 3, 1
NI, 351.0, 1, 446.7, 570.3, 0, 100, 1, 1
NI, 351.0, 2, 520.6, 700.9, 0, 100, 2, 1
NI, 351.0, 3, 167.9, 171.1, 0, 100, 3, 1
NI, 352.0, 1, 490.4, 515.6, 0, 100, 1, 1
NI, 352.0, 2, 546.2, 731.8, 0, 100, 2, 1
NI, 352.0, 3, 205.8, 227.2, 0, 100, 3, 1
NI, 353.0, 1, 534.1, 460.9, 0, 100, 1, 1
NI, 353.0, 2, 571.8, 762.7, 0, 100, 2, 1
NI, 353.0, 3, 243.7, 283.3, 0, 100, 3, 1
NI, 354.0, 1, 577.8, 406.2, 0, 100, 1, 1
NI, 354.0, 2, 597.4, 793.6, 0, 100, 2, 1
NI, 354.0, 3, 281.6, 339.4, 0, 100, 3, 1
NI, 355.0, 1, 621.5, 351.5, 0, 100, 1, 1
NI, 355.0, 2, 623, 824.5, 0, 100, 2, 1
NI, 355.0, 3, 319.5, 395.5, 0, 100, 3, 1
NI, 356.0, 1, 665.2, 296.8, 0, 100, 1, 1
NI, 356.0, 2, 648.6, 855.4, 0, 100, 2, 1
NI, 356.0, 3, 357.4, 451.6, 0, 100, 3, 1
NI, 357.0, 1, 708.9, 242.1, 0, 100, 1, 1
NI, 357.0, 2, 674.2, 886.3, 0, 100, 2, 1
NI, 357.0, 3, 395.3, 507.7, 0, 100, 3, 1
NI, 358.0, 1, 752.6, 187.4, 0, 100, 1, 1
NI, 358.0, 2, 699.8, 917.2, 0, 100, 2, 1
NI, 358.0, 3, 433.2, 563.8, 0, 100, 3, 1
NI, 359.0, 1, 796.3, 132.7, 0, 100, 1, 1
NI, 359.0, 2, 725.4, 948.1, 0, 100, 2, 1
NI, 359.0, 3, 471.1, 619.9, 0, 100, 3, 1
NI, 360.0, 1, 840, 78, 0, 100, 1, 1
NI, 360.0, 2, 751, 979, 0, 100, 2, 1
NI, 360.0, 3, 509, 676, 0, 100, 3, 1
NI, 361.0, 1, 798.1, 77.9, 0, 100, 1, 1
NI, 361.0, 2, 697.6, 943.9, 0, 100, 2, 1
NI, 361.0, 3, 543.1, 626.5, 0, 100, 3, 1
NI, 362.0, 1, 756.2, 77.8, 0, 100, 1, 1
NI, 362.0, 2, 644.2, 908.8, 0, 100, 2, 1
NI, 362.0, 3, 577.2, 577, 0, 100, 3, 1
NI, 363.0, 1, 714.3, 77.7, 0, 100, 1, 1
NI, 363.0, 2, 590.8, 873.7, 0, 100, 2, 1
NI, 363.0, 3, 611.3, 527.5, 0, 100, 3, 1
NI, 364.0, 1, 672.4, 77.6, 0, 100, 1, 1
NI, 364.0, 2, 537.4, 838.6, 0, 100, 2, 1
NI, 364.0, 3, 645.4, 478, 0, 100, 3, 1
NI, 365.0, 1, 630.5, 77.5, 0, 100, 1, 1
NI, 365.0, 2, 484, 803.5, 0, 100, 2, 1
NI, 365.0, 3, 679.5, 428.5, 0, 100, 3, 1
NI, 366.0, 1, 588.6, 77.4, 0, 100, 1, 1
NI, 366.0, 2, 430.6, 768.4, 0, 100, 2, 1
NI, 366.0, 3, 713.6, 379, 0, 100, 3, 1
NI, 367.0, 1, 546.7, 77.3, 0, 100, 1, 1
NI, 367.0, 2, 377.2, 733.3, 0, 100, 2, 1
NI, 367.0, 3, 747.7, 329.5, 0, 100, 3, 1
NI, 368.0, 1, 504.8, 77.2, 0, 100, 1, 1
NI, 368.0, 2, 323.8, 698.2, 0, 100, 2, 1
NI, 368.0, 3, 781.8, 280, 0, 100, 3, 1
NI, 369.0, 1, 462.9, 77.1, 0, 100, 1, 1
NI, 369.0, 2, 270.4, 663.1, 0, 100, 2, 1
NI, 369.0, 3, 815.9, 230.5, 0, 100, 3, 1
NI, 370.0, 1, 421, 77, 0, 100, 1, 1
NI, 370.0, 2, 217, 628, 0, 100, 2, 1
NI, 370.0, 3, 850, 181, 0, 100, 3, 1
NI, 371.0, 1, 415.2, 80.3, 0, 100, 1, 1
NI, 371.0, 2, 257.6, 584.8, 0, 100, 2, 1
NI, 371.0, 3, 833.7, 248.4, 0, 100, 3, 1
NI, 372.0, 1, 409.4, 83.6, 0, 100, 1, 1
NI, 372.0, 2, 298.2, 541.6, 0, 100, 2, 1
NI, 372.0, 3, 817.4, 315.8, 0, 100, 3, 1
NI, 373.0, 1, 403.6, 86.9, 0, 100, 1, 1
NI, 373.0, 2, 338.8, 498.4, 0, 100, 2, 1
NI, 373.0, 3, 801.1, 383.2, 0, 100, 3, 1
NI, 374.0, 1, 397.8, 90.2, 0, 100, 1, 1
NI, 374.0, 2, 379.4, 455.2, 0, 100, 2, 1
NI, 374.0, 3, 784.8, 450.6, 0, 100, 3, 1
NI, 375.0, 1, 392, 93.5, 0, 100, 1, 1
NI, 375.0, 2, 420, 412, 0, 100, 2, 1
NI, 375.0, 3, 768.5, 518, 0, 100, 3, 1
NI, 376.0, 1, 386.2, 96.8, 0, 100, 1, 1
NI, 376.0, 2, 460.6, 368.8, 0, 100, 2, 1
NI, 376.0, 3, 752.2, 585.4, 0, 100, 3, 1
NI, 377.0, 1, 380.4, 100.1, 0, 100, 1, 1
NI, 377.0, 2, 501.2, 325.6, 0, 100, 2, 1
NI, 377.0, 3, 735.9, 652.8, 0, 100, 3, 1
NI, 378.0, 1, 374.6, 103.4, 0, 100, 1, 1
NI, 378.0, 2, 541.8, 282.4, 0, 100, 2, 1
NI, 378.0, 3, 719.6, 720.2, 0, 100, 3, 1
NI, 379.0, 1, 368.8, 106.7, 0, 100, 1, 1
NI, 379.0, 2, 582.4, 239.2, 0, 100, 2, 1
NI, 379.0, 3, 703.3, 787.6, 0, 100, 3, 1
NI, 380.0, 1, 363, 110, 0, 100, 1, 1
NI, 380.0, 2, 623, 196, 0, 100, 2, 1
NI, 380.0, 3, 687, 855, 0, 100, 3, 1
NI, 381.0, 1, 355.7, 120.4, 0, 100, 1, 1
NI, 381.0, 2, 592.4, 200.5, 0, 100, 2, 1
NI, 381.0, 3, 687.7, 779.8, 0, 100, 3, 1
NI, 382.0, 1, 348.4, 130.8, 0, 100, 1, 1
NI, 382.0, 2, 561.8, 205, 0, 100, 2, 1
NI, 382.0, 3, 688.4, 704.6, 0, 100, 3, 1
NI, 383.0, 1, 341.1, 141.2, 0, 100, 1, 1
NI, 383.0, 2, 531.2, 209.5, 0, 100, 2, 1
NI, 383.0, 3, 689.1, 629.4, 0, 100, 3, 1
NI, 384.0, 1, 333.8, 151.6, 0, 100, 1, 1
NI, 384.0, 2, 500.6, 214, 0, 100, 2, 1
NI, 384.0, 3, 689.8, 554.2, 0, 100, 3, 1
NI, 385.0, 1, 326.5, 162, 0, 100, 1, 1
NI, 385.0, 2, 470, 218.5, 0, 100, 2, 1
NI, 385.0, 3, 690.5, 479, 0, 100, 3, 1
NI, 386.0, 1, 319.2, 172.4, 0, 100, 1, 1
NI, 386.0, 2, 439.4, 223, 0, 100, 2, 1
NI, 386.0, 3, 691.2, 403.8, 0, 100, 3, 1
NI, 387.0, 1, 311.9, 182.8, 0, 100, 1, 1
NI, 387.0, 2, 408.8, 227.5, 0, 100, 2, 1
NI, 387.0, 3, 691.9, 328.6, 0, 100, 3, 1
NI, 388.0, 1, 304.6, 193.2, 0, 100, 1, 1
NI, 388.0, 2, 378.2, 232, 0, 100, 2, 1
NI, 388.0, 3, 692.6, 253.4, 0, 100, 3, 1
NI, 389.0, 1, 297.3, 203.6, 0, 100, 1, 1
NI, 389.0, 2, 347.6, 236.5, 0, 100, 2, 1
NI, 389.0, 3, 693.3, 178.2, 0, 100, 3, 1
NI, 390.0, 1, 290, 214, 0, 100, 1, 1
NI, 390.0, 2, 317, 241, 0, 100, 2, 1
NI, 390.0, 3, 694, 103, 0, 100, 3, 1
NI, 391.0, 1, 340, 261.6, 0, 100, 1, 1
NI, 391.0, 2, 298.9, 280.1, 0, 100, 2, 1
NI, 391.0, 3, 687.2, 141.1, 0, 100, 3, 1
NI, 392.0, 1, 390, 309.2, 0, 100, 1, 1
NI, 392.0, 2, 280.8, 319.2, 0, 100, 2, 1
NI, 392.0, 3, 680.4, 179.2, 0, 100, 3, 1
NI, 393.0, 1, 440, 356.8, 0, 100, 1, 1
NI, 393.0, 2, 262.7, 358.3, 0, 100, 2, 1
NI, 393.0, 3, 673.6, 217.3, 0, 100, 3, 1
NI, 394.0, 1, 490, 404.4, 0, 100, 1, 1
NI, 394.0, 2, 244.6, 397.4, 0, 100, 2, 1
NI, 394.0, 3, 666.8, 255.4, 0, 100, 3, 1
NI, 395.0, 1, 540, 452, 0, 100, 1, 1
NI, 395.0, 2, 226.5, 436.5, 0, 100, 2, 1
NI, 395.0, 3, 660, 293.5, 0, 100, 3, 1
NI, 396.0, 1, 590, 499.6, 0, 100, 1, 1
NI, 396.0, 2, 208.4, 475.6, 0, 100, 2, 1
NI, 396.0, 3, 653.2, 331.6, 0, 100, 3, 1
NI, 397.0, 1, 640, 547.2, 0, 100, 1, 1
NI, 397.0, 2, 190.3, 514.7, 0, 100, 2, 1
NI, 397.0, 3, 646.4, 369.7, 0, 100, 3, 1
NI, 398.0, 1, 690, 594.8, 0, 100, 1, 1
NI, 398.0, 2, 172.2, 553.8, 0, 100, 2, 1
NI, 398.0, 3, 639.6, 407.8, 0, 100, 3, 1
NI, 399.0, 1, 740, 642.4, 0, 100, 1, 1
NI, 399.0, 2, 154.1, 592.9, 0, 100, 2, 1
NI, 399.0, 3, 632.8, 445.9, 0, 100, 3, 1
NI, 400.0, 1, 790, 690, 0, 100, 1, 1
NI, 400.0, 2, 136, 632, 0, 100, 2, 1
NI, 400.0, 3, 626, 484, 0, 100, 3, 1
NI, 401.0, 1, 750.3, 660.4, 0, 100, 1, 1
NI, 401.0, 2, 215.1, 577.2, 0, 100, 2, 1
NI, 401.0, 3, 584.3, 496.2, 0, 100, 3, 1
NI, 402.0, 1, 710.6, 630.8, 0, 100, 1, 1
NI, 402.0, 2, 294.2, 522.4, 0, 100, 2, 1
NI, 402.0, 3, 542.6, 508.4, 0, 100, 3, 1
NI, 403.0, 1, 670.9, 601.2, 0, 100, 1, 1
NI, 403.0, 2, 373.3, 467.6, 0, 100, 2, 1
NI, 403.0, 3, 500.9, 520.6, 0, 100, 3, 1
NI, 404.0, 1, 631.2, 571.6, 0, 100, 1, 1
NI, 404.0, 2, 452.4, 412.8, 0, 100, 2, 1
NI, 404.0, 3, 459.2, 532.8, 0, 100, 3, 1
NI, 405.0, 1, 591.5, 542, 0, 100, 1, 1
NI, 405.0, 2, 531.5, 358, 0, 100, 2, 1
NI, 405.0, 3, 417.5, 545, 0, 100, 3, 1
NI, 406.0, 1, 551.8, 512.4, 0, 100, 1, 1
NI, 406.0, 2, 610.6, 303.2, 0, 100, 2, 1
NI, 406.0, 3, 375.8, 557.2, 0, 100, 3, 1
NI, 407.0, 1, 512.1, 482.8, 0, 100, 1, 1
NI, 407.0, 2, 689.7, 248.4, 0, 100, 2, 1
NI, 407.0, 3, 334.1, 569.4, 0, 100, 3, 1
NI, 408.0, 1, 472.4, 453.2, 0, 100, 1, 1
NI, 408.0, 2, 768.8, 193.6, 0, 100, 2, 1
NI, 408.0, 3, 292.4, 581.6, 0, 100, 3, 1
NI, 409.0, 1, 432.7, 423.6, 0, 100, 1, 1
NI, 409.0, 2, 847.9, 138.8, 0, 100, 2, 1
NI, 409.0, 3, 250.7, 593.8, 0, 100, 3, 1
NI, 410.0, 1, 393, 394, 0, 100, 1, 1
NI, 410.0, 2, 927, 84, 0, 100, 2, 1
NI, 410.0, 3, 209, 606, 0, 100, 3, 1
NI, 411.0, 1, 423.6, 412.1, 0, 100, 1, 1
NI, 411.0, 2, 847.9, 146.9, 0, 100, 2, 1
NI, 411.0, 3, 270.3, 555.8, 0, 100, 3, 1
NI, 412.0, 1, 454.2, 430.2, 0, 100, 1, 1
NI, 412.0, 2, 768.8, 209.8, 0, 100, 2, 1
NI, 412.0, 3, 331.6, 505.6, 0, 100, 3, 1
NI, 413.0, 1, 484.8, 448.3, 0, 100, 1, 1
NI, 413.0, 2, 689.7, 272.7, 0, 100, 2, 1
NI, 413.0, 3, 392.9, 455.4, 0, 100, 3, 1
NI, 414.0, 1, 515.4, 466.4, 0, 100, 1, 1
NI, 414.0, 2, 610.6, 335.6, 0, 100, 2, 1
NI, 414.0, 3, 454.2, 405.2, 0, 100, 3, 1
NI, 415.0, 1, 546, 484.5, 0, 100, 1, 1
NI, 415.0, 2, 531.5, 398.5, 0, 100, 2, 1
NI, 415.0, 3, 515.5, 355, 0, 100, 3, 1
NI, 416.0, 1, 576.6, 502.6, 0, 100, 1, 1
NI, 416.0, 2, 452.4, 461.4, 0, 100, 2, 1
NI, 416.0, 3, 576.8, 304.8, 0, 100, 3, 1
NI, 417.0, 1, 607.2, 520.7, 0, 100, 1, 1
NI, 417.0, 2, 373.3, 524.3, 0, 100, 2, 1
NI, 417.0, 3, 638.1, 254.6, 0, 100, 3, 1
NI, 418.0, 1, 637.8, 538.8, 0, 100, 1, 1
NI, 418.0, 2, 294.2, 587.2, 0, 100, 2, 1
NI, 418.0, 3, 699.4, 204.4, 0, 100, 3, 1
NI, 419.0, 1, 668.4, 556.9, 0, 100, 1, 1
NI, 419.0, 2, 215.1, 650.1, 0, 100, 2, 1
NI, 419.0, 3, 760.7, 154.2, 0, 100, 3, 1
NI, 420.0, 1, 699, 575, 0, 100, 1, 1
NI, 420.0, 2, 136, 713, 0, 100, 2, 1
NI, 420.0, 3, 822, 104, 0, 100, 3, 1
NI, 421.0, 1, 704.1, 519.5, 0, 100, 1, 1
NI, 421.0, 2, 127.4, 679.1, 0, 100, 2, 1
NI, 421.0, 3, 826.6, 183.4, 0, 100, 3, 1
NI, 422.0, 1, 709.2, 464, 0, 100, 1, 1
NI, 422.0, 2, 118.8, 645.2, 0, 100, 2, 1
NI, 422.0, 3, 831.2, 262.8, 0, 100, 3, 1
NI, 423.0, 1, 714.3, 408.5, 0, 100, 1, 1
NI, 423.0, 2, 110.2, 611.3, 0, 100, 2, 1
NI, 423.0, 3, 835.8, 342.2, 0, 100, 3, 1
NI, 424.0, 1, 719.4, 353, 0, 100, 1, 1
NI, 424.0, 2, 101.6, 577.4, 0, 100, 2, 1
NI, 424.0, 3, 840.4, 421.6, 0, 100, 3, 1
NI, 425.0, 1, 724.5, 297.5, 0, 100, 1, 1
NI, 425.0, 2, 93, 543.5, 0, 100, 2, 1
NI, 425.0, 3, 845, 501, 0, 100, 3, 1
NI, 426.0, 1, 729.6, 242, 0, 100, 1, 1
NI, 426.0, 2, 84.4, 509.6, 0, 100, 2, 1
NI, 426.0, 3, 849.6, 580.4, 0, 100, 3, 1
NI, 427.0, 1, 734.7, 186.5, 0, 100, 1, 1
NI, 427.0, 2, 75.8, 475.7, 0, 100, 2, 1
NI, 427.0, 3, 854.2, 659.8, 0, 100, 3, 1
NI, 428.0, 1, 739.8, 131, 0, 100, 1, 1
NI, 428.0, 2, 67.2, 441.8, 0, 100, 2, 1
NI, 428.0, 3, 858.8, 739.2, 0, 100, 3, 1
NI, 429.0, 1, 744.9, 75.5, 0, 100, 1, 1
NI, 429.0, 2, 58.6, 407.9, 0, 100, 2, 1
NI, 429.0, 3, 863.4, 818.6, 0, 100, 3, 1
NI, 430.0, 1, 750, 20, 0, 100, 1, 1
NI, 430.0, 2, 50, 374, 0, 100, 2, 1
NI, 430.0, 3, 868, 898, 0, 100, 3, 1
NI, 431.0, 1, 675.5, 37.3, 0, 100, 1, 1
NI, 431.0, 2, 47.1, 377, 0, 100, 2, 1
NI, 431.0, 3, 836.5, 908.1, 0, 100, 3, 1
NI, 432.0, 1, 601, 54.6, 0, 100, 1, 1
NI, 432.0, 2, 44.2, 380, 0, 100, 2, 1
NI, 432.0, 3, 805, 918.2, 0, 100, 3, 1
NI, 433.0, 1, 526.5, 71.9, 0, 100, 1, 1
NI, 433.0, 2, 41.3, 383, 0, 100, 2, 1
NI, 433.0, 3, 773.5, 928.3, 0, 100, 3, 1
NI, 434.0, 1, 452, 89.2, 0, 100, 1, 1
NI, 434.0, 2, 38.4, 386, 0, 100, 2, 1
NI, 434.0, 3, 742, 938.4, 0, 100, 3, 1
NI, 435.0, 1, 377.5, 106.5, 0, 100, 1, 1
NI, 435.0, 2, 35.5, 389, 0, 100, 2, 1
NI, 435.0, 3, 710.5, 948.5, 0, 100, 3, 1
NI, 436.0, 1, 303, 123.8, 0, 100, 1, 1
NI, 436.0, 2, 32.6, 392, 0, 100, 2, 1
NI, 436.0, 3, 679, 958.6, 0, 100, 3, 1
NI, 437.0, 1, 228.5, 141.1, 0, 100, 1, 1
NI, 437.0, 2, 29.7, 395, 0, 100, 2, 1
NI, 437.0, 3, 647.5, 968.7, 0, 100, 3, 1
NI, 438.0, 1, 154, 158.4, 0, 100, 1, 1
NI, 438.0, 2, 26.8, 398, 0, 100, 2, 1
NI, 438.0, 3, 616, 978.8, 0, 100, 3, 1
NI, 439.0, 1, 79.5, 175.7, 0, 100, 1, 1
NI, 439.0, 2, 23.9, 401, 0, 100, 2, 1
NI, 439.0, 3, 584.5, 988.9, 0, 100, 3, 1
NI, 440.0, 1, 5, 193, 0, 100, 1, 1
NI, 440.0, 2, 21, 404, 0, 100, 2, 1
NI, 440.0, 3, 553, 999, 0, 100, 3, 1
NI, 441.0, 1, 55.8, 270.4, 0, 100, 1, 1
NI, 441.0, 2, 36.7, 382.4, 0, 100, 2, 1
NI, 441.0, 3, 513.7, 974.7, 0, 100, 3, 1
NI, 442.0, 1, 106.6, 347.8, 0, 100, 1, 1
NI, 442.0, 2, 52.4, 360.8, 0, 100, 2, 1
NI, 442.0, 3, 474.4, 950.4, 0, 100, 3, 1
NI, 443.0, 1, 157.4, 425.2, 0, 100, 1, 1
NI, 443.0, 2, 68.1, 339.2, 0, 100, 2, 1
NI, 443.0, 3, 435.1, 926.1, 0, 100, 3, 1
NI, 444.0, 1, 208.2, 502.6, 0, 100, 1, 1
NI, 444.0, 2, 83.8, 317.6, 0, 100, 2, 1
NI, 444.0, 3, 395.8, 901.8, 0, 100, 3, 1
NI, 445.0, 1, 259, 580, 0, 100, 1, 1
NI, 445.0, 2, 99.5, 296, 0, 100, 2, 1
NI, 445.0, 3, 356.5, 877.5, 0, 100, 3, 1
NI, 446.0, 1, 309.8, 657.4, 0, 100, 1, 1
NI, 446.0, 2, 115.2, 274.4, 0, 100, 2, 1
NI, 446.0, 3, 317.2, 853.2, 0, 100, 3, 1
NI, 447.0, 1, 360.6, 734.8, 0, 100, 1, 1
NI, 447.0, 2, 130.9, 252.8, 0, 100, 2, 1
NI, 447.0, 3, 277.9, 828.9, 0, 100, 3, 1
NI, 448.0, 1, 411.4, 812.2, 0, 100, 1, 1
NI, 448.0, 2, 146.6, 231.2, 0, 100, 2, 1
NI, 448.0, 3, 238.6, 804.6, 0, 100, 3, 1
NI, 449.0, 1, 462.2, 889.6, 0, 100, 1, 1
NI, 449.0, 2, 162.3, 209.6, 0, 100, 2, 1
NI, 449.0, 3, 199.3, 780.3, 0, 100, 3, 1
NI, 450.0, 1, 513, 967, 0, 100, 1, 1
NI, 450.0, 2, 178, 188, 0, 100, 2, 1
NI, 450.0, 3, 160, 756, 0, 100, 3, 1
NI, 451.0, 1, 500.5, 954, 0, 100, 1, 1
NI, 451.0, 2, 200.7, 215.2, 0, 100, 2, 1
NI, 451.0, 3, 187.7, 720.2, 0, 100, 3, 1
NI, 452.0, 1, 488, 941, 0, 100, 1, 1
NI, 452.0, 2, 223.4, 242.4, 0, 100, 2, 1
NI, 452.0, 3, 215.4, 684.4, 0, 100, 3, 1
NI, 453.0, 1, 475.5, 928, 0, 100, 1, 1
NI, 453.0, 2, 246.1, 269.6, 0, 100, 2, 1
NI, 453.0, 3, 243.1, 648.6, 0, 100, 3, 1
NI, 454.0, 1, 463, 915, 0, 100, 1, 1
NI, 454.0, 2, 268.8, 296.8, 0, 100, 2, 1
NI, 454.0, 3, 270.8, 612.8, 0, 100, 3, 1
NI, 455.0, 1, 450.5, 902, 0, 100, 1, 1
NI, 455.0, 2, 291.5, 324, 0, 100, 2, 1
NI, 455.0, 3, 298.5, 577, 0, 100, 3, 1
NI, 456.0, 1, 438, 889, 0, 100, 1, 1
NI, 456.0, 2, 314.2, 351.2, 0, 100, 2, 1
NI, 456.0, 3, 326.2, 541.2, 0, 100, 3, 1
NI, 457.0, 1, 425.5, 876, 0, 100, 1, 1
NI, 457.0, 2, 336.9, 378.4, 0, 100, 2, 1
NI, 457.0, 3, 353.9, 505.4, 0, 100, 3, 1
NI, 458.0, 1, 413, 863, 0, 100, 1, 1
NI, 458.0, 2, 359.6, 405.6, 0, 100, 2, 1
NI, 458.0, 3, 381.6, 469.6, 0, 100, 3, 1
NI, 459.0, 1, 400.5, 850, 0, 100, 1, 1
NI, 459.0, 2, 382.3, 432.8, 0, 100, 2, 1
NI, 459.0, 3, 409.3, 433.8, 0, 100, 3, 1
NI, 460.0, 1, 388, 837, 0, 100, 1, 1
NI, 460.0, 2, 405, 460, 0, 100, 2, 1
NI, 460.0, 3, 437, 398, 0, 100, 3, 1
NI, 461.0, 1, 435.9, 779.3, 0, 100, 1, 1
NI, 461.0, 2, 448.1, 467.1, 0, 100, 2, 1
NI, 461.0, 3, 472.6, 377.4, 0, 100, 3, 1
NI, 462.0, 1, 483.8, 721.6, 0, 100, 1, 1
NI, 462.0, 2, 491.2, 474.2, 0, 100, 2, 1
NI, 462.0, 3, 508.2, 356.8, 0, 100, 3, 1
NI, 463.0, 1, 531.7, 663.9, 0, 100, 1, 1
NI, 463.0, 2, 534.3, 481.3, 0, 100, 2, 1
NI, 463.0, 3, 543.8, 336.2, 0, 100, 3, 1
NI, 464.0, 1, 579.6, 606.2, 0, 100, 1, 1
NI, 464.0, 2, 577.4, 488.4, 0, 100, 2, 1
NI, 464.0, 3, 579.4, 315.6, 0, 100, 3, 1
NI, 465.0, 1, 627.5, 548.5, 0, 100, 1, 1
NI, 465.0, 2, 620.5, 495.5, 0, 100, 2, 1
NI, 465.0, 3, 615, 295, 0, 100, 3, 1
NI, 466.0, 1, 675.4, 490.8, 0, 100, 1, 1
NI, 466.0, 2, 663.6, 502.6, 0, 100, 2, 1
NI, 466.0, 3, 650.6, 274.4, 0, 100, 3, 1
NI, 467.0, 1, 723.3, 433.1, 0, 100, 1, 1
NI, 467.0, 2, 706.7, 509.7, 0, 100, 2, 1
NI, 467.0, 3, 686.2, 253.8, 0, 100, 3, 1
NI, 468.0, 1, 771.2, 375.4, 0, 100, 1, 1
NI, 468.0, 2, 749.8, 516.8, 0, 100, 2, 1
NI, 468.0, 3, 721.8, 233.2, 0, 100, 3, 1
NI, 469.0, 1, 819.1, 317.7, 0, 100, 1, 1
NI, 469.0, 2, 792.9, 523.9, 0, 100, 2, 1
NI, 469.0, 3, 757.4, 212.6, 0, 100, 3, 1
NI, 470.0, 1, 867, 260, 0, 100, 1, 1
NI, 470.0, 2, 836, 531, 0, 100, 2, 1
NI, 470.0, 3, 793, 192, 0, 100, 3, 1
NI, 471.0, 1, 799.1, 311.8, 0, 100, 1, 1
NI, 471.0, 2, 839.5, 539.2, 0, 100, 2, 1
NI, 471.0, 3, 758.2, 223, 0, 100, 3, 1
NI, 472.0, 1, 731.2, 363.6, 0, 100, 1, 1
NI, 472.0, 2, 843, 547.4, 0, 100, 2, 1
NI, 472.0, 3, 723.4, 254, 0, 100, 3, 1
NI, 473.0, 1, 663.3, 415.4, 0, 100, 1, 1
NI, 473.0, 2, 846.5, 555.6, 0, 100, 2, 1
NI, 473.0, 3, 688.6, 285, 0, 100, 3, 1
NI, 474.0, 1, 595.4, 467.2, 0, 100, 1, 1
NI, 474.0, 2, 850, 563.8, 0, 100, 2, 1
NI, 474.0, 3, 653.8, 316, 0, 100, 3, 1
NI, 475.0, 1, 527.5, 519, 0, 100, 1, 1
NI, 475.0, 2, 853.5, 572, 0, 100, 2, 1
NI, 475.0, 3, 619, 347, 0, 100, 3, 1
NI, 476.0, 1, 459.6, 570.8, 0, 100, 1, 1
NI, 476.0, 2, 857, 580.2, 0, 100, 2, 1
NI, 476.0, 3, 584.2, 378, 0, 100, 3, 1
NI, 477.0, 1, 391.7, 622.6, 0, 100, 1, 1
NI, 477.0, 2, 860.5, 588.4, 0, 100, 2, 1
NI, 477.0, 3, 549.4, 409, 0, 100, 3, 1
NI, 478.0, 1, 323.8, 674.4, 0, 100, 1, 1
NI, 478.0, 2, 864, 596.6, 0, 100, 2, 1
NI, 478.0, 3, 514.6, 440, 0, 100, 3, 1
NI, 479.0, 1, 255.9, 726.2, 0, 100, 1, 1
NI, 479.0, 2, 867.5, 604.8, 0, 100, 2, 1
NI, 479.0, 3, 479.8, 471, 0, 100, 3, 1
NI, 480.0, 1, 188, 778, 0, 100, 1, 1
NI, 480.0, 2, 871, 613, 0, 100, 2, 1
NI, 480.0, 3, 445, 502, 0, 100, 3, 1
NI, 481.0, 1, 252.3, 768.3, 0, 100, 1, 1
NI, 481.0, 2, 828.3, 621, 0, 100, 2, 1
NI, 481.0, 3, 493, 485.2, 0, 100, 3, 1
NI, 482.0, 1, 316.6, 758.6, 0, 100, 1, 1
NI, 482.0, 2, 785.6, 629, 0, 100, 2, 1
NI, 482.0, 3, 541, 468.4, 0, 100, 3, 1
NI, 483.0, 1, 380.9, 748.9, 0, 100, 1, 1
NI, 483.0, 2, 742.9, 637, 0, 100, 2, 1
NI, 483.0, 3, 589, 451.6, 0, 100, 3, 1
NI, 484.0, 1, 445.2, 739.2, 0, 100, 1, 1
NI, 484.0, 2, 700.2, 645, 0, 100, 2, 1
NI, 484.0, 3, 637, 434.8, 0, 100, 3, 1
NI, 485.0, 1, 509.5, 729.5, 0, 100, 1, 1
NI, 485.0, 2, 657.5, 653, 0, 100, 2, 1
NI, 485.0, 3, 685, 418, 0, 100, 3, 1
NI, 486.0, 1, 573.8, 719.8, 0, 100, 1, 1
NI, 486.0, 2, 614.8, 661, 0, 100, 2, 1
NI, 486.0, 3, 733, 401.2, 0, 100, 3, 1
NI, 487.0, 1, 638.1, 710.1, 0, 100, 1, 1
NI, 487.0, 2, 572.1, 669, 0, 100, 2, 1
NI, 487.0, 3, 781, 384.4, 0, 100, 3, 1
NI, 488.0, 1, 702.4, 700.4, 0, 100, 1, 1
NI, 488.0, 2, 529.4, 677, 0, 100, 2, 1
NI, 488.0, 3, 829, 367.6, 0, 100, 3, 1
NI, 489.0, 1, 766.7, 690.7, 0, 100, 1, 1
NI, 489.0, 2, 486.7, 685, 0, 100, 2, 1
NI, 489.0, 3, 877, 350.8, 0, 100, 3, 1
NI, 490.0, 1, 831, 681, 0, 100, 1, 1
NI, 490.0, 2, 444, 693, 0, 100, 2, 1
NI, 490.0, 3, 925, 334, 0, 100, 3, 1
NI, 491.0, 1, 784.5, 700.4, 0, 100, 1, 1
NI, 491.0, 2, 450.6, 691.9, 0, 100, 2, 1
NI, 491.0, 3, 896.2, 332.7, 0, 100, 3, 1
NI, 492.0, 1, 738, 719.8, 0, 100, 1, 1
NI, 492.0, 2, 457.2, 690.8, 0, 100, 2, 1
NI, 492.0, 3, 867.4, 331.4, 0, 100, 3, 1
NI, 493.0, 1, 691.5, 739.2, 0, 100, 1, 1
NI, 493.0, 2, 463.8, 689.7, 0, 100, 2, 1
NI, 493.0, 3, 838.6, 330.1, 0, 100, 3, 1
NI, 494.0, 1, 645, 758.6, 0, 100, 1, 1
NI, 494.0, 2, 470.4, 688.6, 0, 100, 2, 1
NI, 494.0, 3, 809.8, 328.8, 0, 100, 3, 1
NI, 495.0, 1, 598.5, 778, 0, 100, 1, 1
NI, 495.0, 2, 477, 687.5, 0, 100, 2, 1
NI, 495.0, 3, 781, 327.5, 0, 100, 3, 1
NI, 496.0, 1, 552, 797.4, 0, 100, 1, 1
NI, 496.0, 2, 483.6, 686.4, 0, 100, 2, 1
NI, 496.0, 3, 752.2, 326.2, 0, 100, 3, 1
NI, 497.0, 1, 505.5, 816.8, 0, 100, 1, 1
NI, 497.0, 2, 490.2, 685.3, 0, 100, 2, 1
NI, 497.0, 3, 723.4, 324.9, 0, 100, 3, 1
NI, 498.0, 1, 459, 836.2, 0, 100, 1, 1
NI, 498.0, 2, 496.8, 684.2, 0, 100, 2, 1
NI, 498.0, 3, 694.6, 323.6, 0, 100, 3, 1
NI, 499.0, 1, 412.5, 855.6, 0, 100, 1, 1
NI, 499.0, 2, 503.4, 683.1, 0, 100, 2, 1
NI, 499.0, 3, 665.8, 322.3, 0, 100, 3, 1
